array([[[[0.53138,0.52934,0.5291,0.52789,0.52815,0.52867,0.5283,0.52715,0.52709,0.52703,0.52738,0.52762,0.52631,0.52568,0.52518,0.52468,0.52434,0.52473,0.52489,0.52523,0.5247,0.52453,0.52444,0.52441,0.52443,0.52444,0.52406,0.52286,0.52341,0.52381,0.52326,0.52223,0.52051,0.51835,0.51694,0.51645,0.51623,0.51652,0.51527,0.51455,0.5141,0.51386,0.5137, 1, 1, 1, 1, 1, 1, 1, 1, 1, 1, 1, 1, 1,0.87419, 0, 0, 0, 0, 0, 0, 0, 0, 0, 0, 0, 0, 0, 0, 0, 0, 0, 0, 0, 0, 0, 0, 0, 0, 0, 0, 0, 0, 0, 0, 0, 0, 0, 0, 0, 0, 0, 0, 0, 0, 0, 0, 0],
         [0.29778,0.29705,0.29877,0.30051,0.3098,0.31628,0.32214,0.33979,0.3441,0.35044,0.3561,0.35946,0.36795,0.3697,0.37372,0.37402,0.37423,0.37709,0.37809,0.38007,0.38819,0.39015,0.39143,0.39179,0.39222,0.39256,0.39269,0.39031,0.38953,0.38972,0.38982,0.38926,0.38884,0.38841,0.38873,0.39003,0.39415,0.40405,0.40985,0.41254,0.41461,0.41609,0.4171,0.28215,0.29906,0.29606,0.27584,0.28064,0.26911,0.26241,0.26291,0.24012,0.22898,0.18363,0.22238,0.23003,0.1743, 0, 0, 0, 0, 0, 0, 0, 0, 0, 0, 0, 0, 0, 0, 0, 0, 0, 0, 0, 0, 0, 0, 0, 0, 0, 0, 0, 0, 0, 0, 0, 0, 0, 0, 0, 0, 0, 0, 0, 0, 0, 0, 0],
         [ 1, 1, 1, 1, 1, 1, 1, 1, 1, 1, 1, 1, 1, 1, 1, 1, 1, 1, 1, 1, 1, 1, 1, 1, 1, 1, 1, 1, 1, 1, 1, 1, 1, 1, 1, 1, 1, 1, 1, 1, 1, 1, 1, 1, 1, 1, 1, 1, 1, 1, 1, 1, 1, 1, 1, 1, 1, 0, 0, 0, 0, 0, 0, 0, 0, 0, 0, 0, 0, 0, 0, 0, 0, 0, 0, 0, 0, 0, 0, 0, 0, 0, 0, 0, 0, 0, 0, 0, 0, 0, 0, 0, 0, 0, 0, 0, 0, 0, 0, 0],
         [0.53138,0.52934,0.5291,0.52789,0.52815,0.52867,0.5283,0.52715,0.52709,0.52703,0.52738,0.52762,0.52631,0.52568,0.52518,0.52468,0.52434,0.52473,0.52489,0.52523,0.5247,0.52453,0.52444,0.52441,0.52443,0.52444,0.52406,0.52286,0.52341,0.52381,0.52326,0.52223,0.52051,0.51835,0.51694,0.51645,0.51623,0.51652,0.51527,0.51455,0.5141,0.51386,0.5137, 1, 1, 1, 1, 1, 1, 1, 1, 1, 1, 1, 1, 1,0.87419, 0, 0, 0, 0, 0, 0, 0, 0, 0, 0, 0, 0, 0, 0, 0, 0, 0, 0, 0, 0, 0, 0, 0, 0, 0, 0, 0, 0, 0, 0, 0, 0, 0, 0, 0, 0, 0, 0, 0, 0, 0, 0, 0],
         [0.29778,0.29705,0.29877,0.30051,0.3098,0.31628,0.32214,0.33979,0.3441,0.35044,0.3561,0.35946,0.36795,0.3697,0.37372,0.37402,0.37423,0.37709,0.37809,0.38007,0.38819,0.39015,0.39143,0.39179,0.39222,0.39256,0.39269,0.39031,0.38953,0.38972,0.38982,0.38926,0.38884,0.38841,0.38873,0.39003,0.39415,0.40405,0.40985,0.41254,0.41461,0.41609,0.4171,0.28215,0.29906,0.29606,0.27584,0.28064,0.26911,0.26241,0.26291,0.24012,0.22898,0.18363,0.22238,0.23003,0.1743, 0, 0, 0, 0, 0, 0, 0, 0, 0, 0, 0, 0, 0, 0, 0, 0, 0, 0, 0, 0, 0, 0, 0, 0, 0, 0, 0, 0, 0, 0, 0, 0, 0, 0, 0, 0, 0, 0, 0, 0, 0, 0, 0],
         [ 1, 1, 1, 1, 1, 1, 1, 1, 1, 1, 1, 1, 1, 1, 1, 1, 1, 1, 1, 1, 1, 1, 1, 1, 1, 1, 1, 1, 1, 1, 1, 1, 1, 1, 1, 1, 1, 1, 1, 1, 1, 1, 1, 1, 1, 1, 1, 1, 1, 1, 1, 1, 1, 1, 1, 1, 1, 0, 0, 0, 0, 0, 0, 0, 0, 0, 0, 0, 0, 0, 0, 0, 0, 0, 0, 0, 0, 0, 0, 0, 0, 0, 0, 0, 0, 0, 0, 0, 0, 0, 0, 0, 0, 0, 0, 0, 0, 0, 0, 0]],
        [[0.53138,0.52934,0.5291,0.52789,0.52815,0.52867,0.5283,0.52715,0.52709,0.52703,0.52738,0.52762,0.52631,0.52568,0.52518,0.52468,0.52434,0.52473,0.52489,0.52523,0.5247,0.52453,0.52444,0.52441,0.52443,0.52444,0.52406,0.52286,0.52341,0.52381,0.52326,0.52223,0.52051,0.51835,0.51694,0.51645,0.51623,0.51652,0.51527,0.51455,0.5141,0.51386,0.5137, 1, 1, 1, 1, 1, 1, 1, 1, 1, 1, 1, 1, 1,0.87419, 0, 0, 0, 0, 0, 0, 0, 0, 0, 0, 0, 0, 0, 0, 0, 0, 0, 0, 0, 0, 0, 0, 0, 0, 0, 0, 0, 0, 0, 0, 0, 0, 0, 0, 0, 0, 0, 0, 0, 0, 0, 0, 0],
         [0.29778,0.29705,0.29877,0.30051,0.3098,0.31628,0.32214,0.33979,0.3441,0.35044,0.3561,0.35946,0.36795,0.3697,0.37372,0.37402,0.37423,0.37709,0.37809,0.38007,0.38819,0.39015,0.39143,0.39179,0.39222,0.39256,0.39269,0.39031,0.38953,0.38972,0.38982,0.38926,0.38884,0.38841,0.38873,0.39003,0.39415,0.40405,0.40985,0.41254,0.41461,0.41609,0.4171,0.28215,0.29906,0.29606,0.27584,0.28064,0.26911,0.26241,0.26291,0.24012,0.22898,0.18363,0.22238,0.23003,0.1743, 0, 0, 0, 0, 0, 0, 0, 0, 0, 0, 0, 0, 0, 0, 0, 0, 0, 0, 0, 0, 0, 0, 0, 0, 0, 0, 0, 0, 0, 0, 0, 0, 0, 0, 0, 0, 0, 0, 0, 0, 0, 0, 0],
         [ 1, 1, 1, 1, 1, 1, 1, 1, 1, 1, 1, 1, 1, 1, 1, 1, 1, 1, 1, 1, 1, 1, 1, 1, 1, 1, 1, 1, 1, 1, 1, 1, 1, 1, 1, 1, 1, 1, 1, 1, 1, 1, 1, 1, 1, 1, 1, 1, 1, 1, 1, 1, 1, 1, 1, 1, 1, 0, 0, 0, 0, 0, 0, 0, 0, 0, 0, 0, 0, 0, 0, 0, 0, 0, 0, 0, 0, 0, 0, 0, 0, 0, 0, 0, 0, 0, 0, 0, 0, 0, 0, 0, 0, 0, 0, 0, 0, 0, 0, 0],
         [0.6043,0.60282,0.60258,0.60192,0.60184,0.60216,0.60191,0.60054,0.60005,0.59938,0.59936,0.59925,0.59781,0.59689,0.59549,0.59468,0.594,0.59328,0.59288,0.59259,0.59075,0.58996,0.58924,0.58864,0.58799,0.58748,0.58673,0.58571,0.58545,0.58459,0.58338,0.58241,0.58123,0.57979,0.57887,0.57855,0.57835,0.57792,0.57667,0.57606,0.57556,0.5753,0.57511, 1, 1, 1, 1, 1, 1, 1, 1, 1, 1, 1, 1, 1,0.99196, 0, 0, 0, 0, 0, 0, 0, 0, 0, 0, 0, 0, 0, 0, 0, 0, 0, 0, 0, 0, 0, 0, 0, 0, 0, 0, 0, 0, 0, 0, 0, 0, 0, 0, 0, 0, 0, 0, 0, 0, 0, 0, 0],
         [0.35228,0.35109,0.35211,0.35352,0.36131,0.36688,0.37199,0.38606,0.38996,0.39551,0.4006,0.4036,0.41024,0.41148,0.41382,0.41392,0.41398,0.41585,0.41637,0.41726,0.42077,0.42153,0.42198,0.42189,0.42187,0.42183,0.42153,0.41962,0.41913,0.41886,0.4187,0.41826,0.41819,0.41815,0.41881,0.42019,0.42362,0.4296,0.43307,0.43474,0.4359,0.43674,0.43732,0.37213,0.37982,0.37474,0.35605,0.35943,0.34355,0.33478,0.33118,0.30733,0.2944,0.23511,0.25071,0.24026,0.30066, 0, 0, 0, 0, 0, 0, 0, 0, 0, 0, 0, 0, 0, 0, 0, 0, 0, 0, 0, 0, 0, 0, 0, 0, 0, 0, 0, 0, 0, 0, 0, 0, 0, 0, 0, 0, 0, 0, 0, 0, 0, 0, 0],
         [ 1, 1, 1, 1, 1, 1, 1, 1, 1, 1, 1, 1, 1, 1, 1, 1, 1, 1, 1, 1, 1, 1, 1, 1, 1, 1, 1, 1, 1, 1, 1, 1, 1, 1, 1, 1, 1, 1, 1, 1, 1, 1, 1, 1, 1, 1, 1, 1, 1, 1, 1, 1, 1, 1, 1, 1, 1, 0, 0, 0, 0, 0, 0, 0, 0, 0, 0, 0, 0, 0, 0, 0, 0, 0, 0, 0, 0, 0, 0, 0, 0, 0, 0, 0, 0, 0, 0, 0, 0, 0, 0, 0, 0, 0, 0, 0, 0, 0, 0, 0]],
        [[0.6043,0.60282,0.60258,0.60192,0.60184,0.60216,0.60191,0.60054,0.60005,0.59938,0.59936,0.59925,0.59781,0.59689,0.59549,0.59468,0.594,0.59328,0.59288,0.59259,0.59075,0.58996,0.58924,0.58864,0.58799,0.58748,0.58673,0.58571,0.58545,0.58459,0.58338,0.58241,0.58123,0.57979,0.57887,0.57855,0.57835,0.57792,0.57667,0.57606,0.57556,0.5753,0.57511, 1, 1, 1, 1, 1, 1, 1, 1, 1, 1, 1, 1, 1,0.99196, 0, 0, 0, 0, 0, 0, 0, 0, 0, 0, 0, 0, 0, 0, 0, 0, 0, 0, 0, 0, 0, 0, 0, 0, 0, 0, 0, 0, 0, 0, 0, 0, 0, 0, 0, 0, 0, 0, 0, 0, 0, 0, 0],
         [0.35228,0.35109,0.35211,0.35352,0.36131,0.36688,0.37199,0.38606,0.38996,0.39551,0.4006,0.4036,0.41024,0.41148,0.41382,0.41392,0.41398,0.41585,0.41637,0.41726,0.42077,0.42153,0.42198,0.42189,0.42187,0.42183,0.42153,0.41962,0.41913,0.41886,0.4187,0.41826,0.41819,0.41815,0.41881,0.42019,0.42362,0.4296,0.43307,0.43474,0.4359,0.43674,0.43732,0.37213,0.37982,0.37474,0.35605,0.35943,0.34355,0.33478,0.33118,0.30733,0.2944,0.23511,0.25071,0.24026,0.30066, 0, 0, 0, 0, 0, 0, 0, 0, 0, 0, 0, 0, 0, 0, 0, 0, 0, 0, 0, 0, 0, 0, 0, 0, 0, 0, 0, 0, 0, 0, 0, 0, 0, 0, 0, 0, 0, 0, 0, 0, 0, 0, 0],
         [ 1, 1, 1, 1, 1, 1, 1, 1, 1, 1, 1, 1, 1, 1, 1, 1, 1, 1, 1, 1, 1, 1, 1, 1, 1, 1, 1, 1, 1, 1, 1, 1, 1, 1, 1, 1, 1, 1, 1, 1, 1, 1, 1, 1, 1, 1, 1, 1, 1, 1, 1, 1, 1, 1, 1, 1, 1, 0, 0, 0, 0, 0, 0, 0, 0, 0, 0, 0, 0, 0, 0, 0, 0, 0, 0, 0, 0, 0, 0, 0, 0, 0, 0, 0, 0, 0, 0, 0, 0, 0, 0, 0, 0, 0, 0, 0, 0, 0, 0, 0],
         [0.6584,0.65708,0.65674,0.65593,0.65413,0.65351,0.65255,0.64978,0.64863,0.64689,0.64627,0.64572,0.64361,0.64233,0.64007,0.63898,0.63805,0.63659,0.6359,0.63517,0.63252,0.63132,0.63018,0.6292,0.62803,0.6272,0.62622,0.62529,0.62443,0.62259,0.62083,0.61992,0.61911,0.61818,0.61762,0.61741,0.61722,0.61633,0.61508,0.61455,0.61405,0.61383,0.61369, 1, 1, 1, 1, 1, 1, 1, 1, 1, 1, 1, 1, 1, 1, 0, 0, 0, 0, 0, 0, 0, 0, 0, 0, 0, 0, 0, 0, 0, 0, 0, 0, 0, 0, 0, 0, 0, 0, 0, 0, 0, 0, 0, 0, 0, 0, 0, 0, 0, 0, 0, 0, 0, 0, 0, 0, 0],
         [0.39029,0.38876,0.38929,0.39039,0.3969,0.40169,0.40612,0.41746,0.42098,0.42584,0.43043,0.43314,0.43834,0.43919,0.44034,0.44028,0.44023,0.44139,0.44161,0.44173,0.44204,0.44196,0.44185,0.44144,0.44108,0.44077,0.44015,0.43853,0.43818,0.43752,0.43713,0.43676,0.43691,0.43714,0.43803,0.43946,0.44239,0.44572,0.44762,0.44859,0.44916,0.44959,0.44989,0.41802,0.41662,0.41002,0.39373,0.39385,0.37396,0.36366,0.35572,0.32936,0.31434,0.24645,0.24143,0.22006,0.37507, 0, 0, 0, 0, 0, 0, 0, 0, 0, 0, 0, 0, 0, 0, 0, 0, 0, 0, 0, 0, 0, 0, 0, 0, 0, 0, 0, 0, 0, 0, 0, 0, 0, 0, 0, 0, 0, 0, 0, 0, 0, 0, 0],
         [ 1, 1, 1, 1, 1, 1, 1, 1, 1, 1, 1, 1, 1, 1, 1, 1, 1, 1, 1, 1, 1, 1, 1, 1, 1, 1, 1, 1, 1, 1, 1, 1, 1, 1, 1, 1, 1, 1, 1, 1, 1, 1, 1, 1, 1, 1, 1, 1, 1, 1, 1, 1, 1, 1, 1, 1, 1, 0, 0, 0, 0, 0, 0, 0, 0, 0, 0, 0, 0, 0, 0, 0, 0, 0, 0, 0, 0, 0, 0, 0, 0, 0, 0, 0, 0, 0, 0, 0, 0, 0, 0, 0, 0, 0, 0, 0, 0, 0, 0, 0]],
        [[0.6584,0.65708,0.65674,0.65593,0.65413,0.65351,0.65255,0.64978,0.64863,0.64689,0.64627,0.64572,0.64361,0.64233,0.64007,0.63898,0.63805,0.63659,0.6359,0.63517,0.63252,0.63132,0.63018,0.6292,0.62803,0.6272,0.62622,0.62529,0.62443,0.62259,0.62083,0.61992,0.61911,0.61818,0.61762,0.61741,0.61722,0.61633,0.61508,0.61455,0.61405,0.61383,0.61369, 1, 1, 1, 1, 1, 1, 1, 1, 1, 1, 1, 1, 1, 1, 0, 0, 0, 0, 0, 0, 0, 0, 0, 0, 0, 0, 0, 0, 0, 0, 0, 0, 0, 0, 0, 0, 0, 0, 0, 0, 0, 0, 0, 0, 0, 0, 0, 0, 0, 0, 0, 0, 0, 0, 0, 0, 0],
         [0.39029,0.38876,0.38929,0.39039,0.3969,0.40169,0.40612,0.41746,0.42098,0.42584,0.43043,0.43314,0.43834,0.43919,0.44034,0.44028,0.44023,0.44139,0.44161,0.44173,0.44204,0.44196,0.44185,0.44144,0.44108,0.44077,0.44015,0.43853,0.43818,0.43752,0.43713,0.43676,0.43691,0.43714,0.43803,0.43946,0.44239,0.44572,0.44762,0.44859,0.44916,0.44959,0.44989,0.41802,0.41662,0.41002,0.39373,0.39385,0.37396,0.36366,0.35572,0.32936,0.31434,0.24645,0.24143,0.22006,0.37507, 0, 0, 0, 0, 0, 0, 0, 0, 0, 0, 0, 0, 0, 0, 0, 0, 0, 0, 0, 0, 0, 0, 0, 0, 0, 0, 0, 0, 0, 0, 0, 0, 0, 0, 0, 0, 0, 0, 0, 0, 0, 0, 0],
         [ 1, 1, 1, 1, 1, 1, 1, 1, 1, 1, 1, 1, 1, 1, 1, 1, 1, 1, 1, 1, 1, 1, 1, 1, 1, 1, 1, 1, 1, 1, 1, 1, 1, 1, 1, 1, 1, 1, 1, 1, 1, 1, 1, 1, 1, 1, 1, 1, 1, 1, 1, 1, 1, 1, 1, 1, 1, 0, 0, 0, 0, 0, 0, 0, 0, 0, 0, 0, 0, 0, 0, 0, 0, 0, 0, 0, 0, 0, 0, 0, 0, 0, 0, 0, 0, 0, 0, 0, 0, 0, 0, 0, 0, 0, 0, 0, 0, 0, 0, 0],
         [0.69939,0.69828,0.69789,0.69686,0.69373,0.69231,0.69089,0.68757,0.68621,0.68408,0.68301,0.68208,0.67927,0.67755,0.67484,0.67347,0.67227,0.67015,0.66931,0.66835,0.66522,0.6638,0.66237,0.66115,0.65965,0.65872,0.65757,0.65671,0.65533,0.65256,0.65031,0.64932,0.64866,0.64791,0.64743,0.64712,0.6467,0.64537,0.6441,0.64362,0.64309,0.64285,0.64269,0.98401, 1, 1, 1, 1, 1, 1, 1, 1, 1, 1, 1, 1, 1, 0, 0, 0, 0, 0, 0, 0, 0, 0, 0, 0, 0, 0, 0, 0, 0, 0, 0, 0, 0, 0, 0, 0, 0, 0, 0, 0, 0, 0, 0, 0, 0, 0, 0, 0, 0, 0, 0, 0, 0, 0, 0, 0],
         [0.41703,0.41528,0.41551,0.41639,0.42204,0.42632,0.43032,0.43995,0.44326,0.44774,0.45201,0.45452,0.45871,0.45924,0.4596,0.45941,0.45926,0.45993,0.45995,0.4596,0.45781,0.4572,0.45671,0.45612,0.45554,0.45511,0.4543,0.45292,0.45268,0.4517,0.45114,0.45078,0.45107,0.45143,0.45242,0.45381,0.45634,0.45779,0.45859,0.45908,0.45922,0.45935,0.45945,0.45566,0.44778,0.43975,0.42439,0.42241,0.39906,0.38735,0.37616,0.34742,0.33075,0.25693,0.2383,0.20923,0.40909, 0, 0, 0, 0, 0, 0, 0, 0, 0, 0, 0, 0, 0, 0, 0, 0, 0, 0, 0, 0, 0, 0, 0, 0, 0, 0, 0, 0, 0, 0, 0, 0, 0, 0, 0, 0, 0, 0, 0, 0, 0, 0, 0],
         [ 1, 1, 1, 1, 1, 1, 1, 1, 1, 1, 1, 1, 1, 1, 1, 1, 1, 1, 1, 1, 1, 1, 1, 1, 1, 1, 1, 1, 1, 1, 1, 1, 1, 1, 1, 1, 1, 1, 1, 1, 1, 1, 1, 1, 1, 1, 1, 1, 1, 1, 1, 1, 1, 1, 1, 1, 1, 0, 0, 0, 0, 0, 0, 0, 0, 0, 0, 0, 0, 0, 0, 0, 0, 0, 0, 0, 0, 0, 0, 0, 0, 0, 0, 0, 0, 0, 0, 0, 0, 0, 0, 0, 0, 0, 0, 0, 0, 0, 0, 0]]],
       [[[0.49169,0.48961,0.48928,0.48784,0.48787,0.48816,0.48742,0.48582,0.48588,0.48588,0.48615,0.48628,0.48473,0.48422,0.48411,0.48365,0.48334,0.48362,0.48368,0.48382,0.48281,0.48249,0.48222,0.48197,0.48176,0.4816,0.48084,0.47894,0.47861,0.47847,0.47763,0.47635,0.47432,0.47199,0.47041,0.46972,0.46935,0.47029,0.46968,0.46921,0.46901,0.4689,0.46882, 1, 1, 1, 1, 1, 1, 1, 1, 1, 1, 1, 1, 1,0.80435, 0, 0, 0, 0, 0, 0, 0, 0, 0, 0, 0, 0, 0, 0, 0, 0, 0, 0, 0, 0, 0, 0, 0, 0, 0, 0, 0, 0, 0, 0, 0, 0, 0, 0, 0, 0, 0, 0, 0, 0, 0, 0, 0],
         [0.36841,0.36777,0.36958,0.37131,0.38073,0.38725,0.39311,0.41113,0.41554,0.42199,0.4277,0.43105,0.43968,0.44155,0.4459,0.44625,0.44648,0.44939,0.4504,0.45239,0.46076,0.46276,0.46402,0.4643,0.46465,0.46493,0.4649,0.46214,0.46086,0.46076,0.4607,0.46,0.4594,0.45888,0.45909,0.4603,0.46439,0.47491,0.48122,0.48413,0.48639,0.48797,0.48906,0.35664,0.37379,0.3713,0.35206,0.35579,0.34458,0.33814,0.33806,0.3141,0.30249,0.25835,0.29269,0.30139,0.22666, 0, 0, 0, 0, 0, 0, 0, 0, 0, 0, 0, 0, 0, 0, 0, 0, 0, 0, 0, 0, 0, 0, 0, 0, 0, 0, 0, 0, 0, 0, 0, 0, 0, 0, 0, 0, 0, 0, 0, 0, 0, 0, 0],
         [ 1, 1, 1, 1, 1, 1, 1, 1, 1, 1, 1, 1, 1, 1, 1, 1, 1, 1, 1, 1, 1, 1, 1, 1, 1, 1, 1, 1, 1, 1, 1, 1, 1, 1, 1, 1, 1, 1, 1, 1, 1, 1, 1, 1, 1, 1, 1, 1, 1, 1, 1, 1, 1, 1, 1, 1, 1, 0, 0, 0, 0, 0, 0, 0, 0, 0, 0, 0, 0, 0, 0, 0, 0, 0, 0, 0, 0, 0, 0, 0, 0, 0, 0, 0, 0, 0, 0, 0, 0, 0, 0, 0, 0, 0, 0, 0, 0, 0, 0, 0],
         [0.52061,0.519,0.51849,0.51742,0.51693,0.51706,0.51681,0.51633,0.51676,0.51716,0.51728,0.51729,0.51666,0.51653,0.51688,0.5167,0.51659,0.51664,0.51662,0.51662,0.51599,0.51579,0.51555,0.51531,0.51509,0.51492,0.51428,0.51288,0.51197,0.51132,0.51052,0.50954,0.50814,0.50675,0.50578,0.50524,0.50495,0.50598,0.5063,0.50639,0.50647,0.50651,0.50655, 1, 1, 1, 1, 1, 1, 1, 1, 1, 1, 1, 1, 1,0.89391, 0, 0, 0, 0, 0, 0, 0, 0, 0, 0, 0, 0, 0, 0, 0, 0, 0, 0, 0, 0, 0, 0, 0, 0, 0, 0, 0, 0, 0, 0, 0, 0, 0, 0, 0, 0, 0, 0, 0, 0, 0, 0, 0],
         [0.54274,0.54151,0.54235,0.54354,0.55103,0.55637,0.56122,0.5747,0.57884,0.5846,0.58954,0.59245,0.59887,0.60033,0.6031,0.60333,0.6035,0.60526,0.60575,0.60641,0.60899,0.60955,0.60985,0.60966,0.60961,0.60956,0.60909,0.6069,0.60601,0.60566,0.60557,0.60507,0.60487,0.60486,0.60548,0.60671,0.60985,0.61561,0.61922,0.62091,0.62209,0.62289,0.62344,0.48411,0.49079,0.48661,0.47321,0.47162,0.45397,0.44438,0.43538,0.40637,0.3901,0.33942,0.33559,0.32296,0.47165, 0, 0, 0, 0, 0, 0, 0, 0, 0, 0, 0, 0, 0, 0, 0, 0, 0, 0, 0, 0, 0, 0, 0, 0, 0, 0, 0, 0, 0, 0, 0, 0, 0, 0, 0, 0, 0, 0, 0, 0, 0, 0, 0],
         [ 1, 1, 1, 1, 1, 1, 1, 1, 1, 1, 1, 1, 1, 1, 1, 1, 1, 1, 1, 1, 1, 1, 1, 1, 1, 1, 1, 1, 1, 1, 1, 1, 1, 1, 1, 1, 1, 1, 1, 1, 1, 1, 1, 1, 1, 1, 1, 1, 1, 1, 1, 1, 1, 1, 1, 1, 1, 0, 0, 0, 0, 0, 0, 0, 0, 0, 0, 0, 0, 0, 0, 0, 0, 0, 0, 0, 0, 0, 0, 0, 0, 0, 0, 0, 0, 0, 0, 0, 0, 0, 0, 0, 0, 0, 0, 0, 0, 0, 0, 0]],
        [[0.52061,0.519,0.51849,0.51742,0.51693,0.51706,0.51681,0.51633,0.51676,0.51716,0.51728,0.51729,0.51666,0.51653,0.51688,0.5167,0.51659,0.51664,0.51662,0.51662,0.51599,0.51579,0.51555,0.51531,0.51509,0.51492,0.51428,0.51288,0.51197,0.51132,0.51052,0.50954,0.50814,0.50675,0.50578,0.50524,0.50495,0.50598,0.5063,0.50639,0.50647,0.50651,0.50655, 1, 1, 1, 1, 1, 1, 1, 1, 1, 1, 1, 1, 1,0.89391, 0, 0, 0, 0, 0, 0, 0, 0, 0, 0, 0, 0, 0, 0, 0, 0, 0, 0, 0, 0, 0, 0, 0, 0, 0, 0, 0, 0, 0, 0, 0, 0, 0, 0, 0, 0, 0, 0, 0, 0, 0, 0, 0],
         [0.54274,0.54151,0.54235,0.54354,0.55103,0.55637,0.56122,0.5747,0.57884,0.5846,0.58954,0.59245,0.59887,0.60033,0.6031,0.60333,0.6035,0.60526,0.60575,0.60641,0.60899,0.60955,0.60985,0.60966,0.60961,0.60956,0.60909,0.6069,0.60601,0.60566,0.60557,0.60507,0.60487,0.60486,0.60548,0.60671,0.60985,0.61561,0.61922,0.62091,0.62209,0.62289,0.62344,0.48411,0.49079,0.48661,0.47321,0.47162,0.45397,0.44438,0.43538,0.40637,0.3901,0.33942,0.33559,0.32296,0.47165, 0, 0, 0, 0, 0, 0, 0, 0, 0, 0, 0, 0, 0, 0, 0, 0, 0, 0, 0, 0, 0, 0, 0, 0, 0, 0, 0, 0, 0, 0, 0, 0, 0, 0, 0, 0, 0, 0, 0, 0, 0, 0, 0],
         [ 1, 1, 1, 1, 1, 1, 1, 1, 1, 1, 1, 1, 1, 1, 1, 1, 1, 1, 1, 1, 1, 1, 1, 1, 1, 1, 1, 1, 1, 1, 1, 1, 1, 1, 1, 1, 1, 1, 1, 1, 1, 1, 1, 1, 1, 1, 1, 1, 1, 1, 1, 1, 1, 1, 1, 1, 1, 0, 0, 0, 0, 0, 0, 0, 0, 0, 0, 0, 0, 0, 0, 0, 0, 0, 0, 0, 0, 0, 0, 0, 0, 0, 0, 0, 0, 0, 0, 0, 0, 0, 0, 0, 0, 0, 0, 0, 0, 0, 0, 0],
         [0.52197,0.52135,0.52098,0.52044,0.51986,0.51997,0.52016,0.52038,0.52073,0.521,0.52084,0.5207,0.52049,0.52035,0.52038,0.52028,0.52019,0.51998,0.51986,0.51981,0.51951,0.5194,0.5192,0.51899,0.51874,0.51852,0.51797,0.51705,0.51597,0.51513,0.51432,0.51353,0.51252,0.51168,0.51099,0.51035,0.50994,0.51061,0.51117,0.51136,0.51139,0.51136,0.51128, 1, 1, 1, 1, 1, 1, 1, 1, 1, 1, 1, 1, 1,0.98288, 0, 0, 0, 0, 0, 0, 0, 0, 0, 0, 0, 0, 0, 0, 0, 0, 0, 0, 0, 0, 0, 0, 0, 0, 0, 0, 0, 0, 0, 0, 0, 0, 0, 0, 0, 0, 0, 0, 0, 0, 0, 0, 0],
         [0.5924,0.59237,0.59323,0.59488,0.60259,0.60794,0.61303,0.62569,0.63111,0.63849,0.64438,0.64802,0.65462,0.6568,0.66043,0.66123,0.66179,0.66374,0.66438,0.66461,0.6642,0.66402,0.664,0.66387,0.66414,0.66442,0.66443,0.66305,0.66309,0.66304,0.66342,0.66332,0.66371,0.66427,0.66553,0.66741,0.67056,0.67373,0.67601,0.67738,0.67834,0.67907,0.67984,0.56559,0.54979,0.53446,0.51874,0.50937,0.47976,0.46452,0.44657,0.4008,0.37605,0.31853,0.2923,0.2703,0.55768, 0, 0, 0, 0, 0, 0, 0, 0, 0, 0, 0, 0, 0, 0, 0, 0, 0, 0, 0, 0, 0, 0, 0, 0, 0, 0, 0, 0, 0, 0, 0, 0, 0, 0, 0, 0, 0, 0, 0, 0, 0, 0, 0],
         [ 1, 1, 1, 1, 1, 1, 1, 1, 1, 1, 1, 1, 1, 1, 1, 1, 1, 1, 1, 1, 1, 1, 1, 1, 1, 1, 1, 1, 1, 1, 1, 1, 1, 1, 1, 1, 1, 1, 1, 1, 1, 1, 1, 1, 1, 1, 1, 1, 1, 1, 1, 1, 1, 1, 1, 1, 1, 0, 0, 0, 0, 0, 0, 0, 0, 0, 0, 0, 0, 0, 0, 0, 0, 0, 0, 0, 0, 0, 0, 0, 0, 0, 0, 0, 0, 0, 0, 0, 0, 0, 0, 0, 0, 0, 0, 0, 0, 0, 0, 0]],
        [[0.52197,0.52135,0.52098,0.52044,0.51986,0.51997,0.52016,0.52038,0.52073,0.521,0.52084,0.5207,0.52049,0.52035,0.52038,0.52028,0.52019,0.51998,0.51986,0.51981,0.51951,0.5194,0.5192,0.51899,0.51874,0.51852,0.51797,0.51705,0.51597,0.51513,0.51432,0.51353,0.51252,0.51168,0.51099,0.51035,0.50994,0.51061,0.51117,0.51136,0.51139,0.51136,0.51128, 1, 1, 1, 1, 1, 1, 1, 1, 1, 1, 1, 1, 1,0.98288, 0, 0, 0, 0, 0, 0, 0, 0, 0, 0, 0, 0, 0, 0, 0, 0, 0, 0, 0, 0, 0, 0, 0, 0, 0, 0, 0, 0, 0, 0, 0, 0, 0, 0, 0, 0, 0, 0, 0, 0, 0, 0, 0],
         [0.5924,0.59237,0.59323,0.59488,0.60259,0.60794,0.61303,0.62569,0.63111,0.63849,0.64438,0.64802,0.65462,0.6568,0.66043,0.66123,0.66179,0.66374,0.66438,0.66461,0.6642,0.66402,0.664,0.66387,0.66414,0.66442,0.66443,0.66305,0.66309,0.66304,0.66342,0.66332,0.66371,0.66427,0.66553,0.66741,0.67056,0.67373,0.67601,0.67738,0.67834,0.67907,0.67984,0.56559,0.54979,0.53446,0.51874,0.50937,0.47976,0.46452,0.44657,0.4008,0.37605,0.31853,0.2923,0.2703,0.55768, 0, 0, 0, 0, 0, 0, 0, 0, 0, 0, 0, 0, 0, 0, 0, 0, 0, 0, 0, 0, 0, 0, 0, 0, 0, 0, 0, 0, 0, 0, 0, 0, 0, 0, 0, 0, 0, 0, 0, 0, 0, 0, 0],
         [ 1, 1, 1, 1, 1, 1, 1, 1, 1, 1, 1, 1, 1, 1, 1, 1, 1, 1, 1, 1, 1, 1, 1, 1, 1, 1, 1, 1, 1, 1, 1, 1, 1, 1, 1, 1, 1, 1, 1, 1, 1, 1, 1, 1, 1, 1, 1, 1, 1, 1, 1, 1, 1, 1, 1, 1, 1, 0, 0, 0, 0, 0, 0, 0, 0, 0, 0, 0, 0, 0, 0, 0, 0, 0, 0, 0, 0, 0, 0, 0, 0, 0, 0, 0, 0, 0, 0, 0, 0, 0, 0, 0, 0, 0, 0, 0, 0, 0, 0, 0],
         [0.5254,0.52499,0.5246,0.5243,0.52359,0.52368,0.52415,0.52473,0.52495,0.52507,0.52471,0.52449,0.52453,0.52435,0.52409,0.524,0.52392,0.52356,0.5234,0.52335,0.52334,0.52332,0.52318,0.52304,0.52283,0.52263,0.5222,0.52171,0.52071,0.51989,0.51915,0.51853,0.51783,0.51735,0.51689,0.51627,0.51585,0.5162,0.51677,0.51698,0.51695,0.51688,0.51674,0.96733,0.98693, 1, 1, 1, 1, 1, 1, 1, 1, 1, 1, 1, 1, 0, 0, 0, 0, 0, 0, 0, 0, 0, 0, 0, 0, 0, 0, 0, 0, 0, 0, 0, 0, 0, 0, 0, 0, 0, 0, 0, 0, 0, 0, 0, 0, 0, 0, 0, 0, 0, 0, 0, 0, 0, 0, 0],
         [0.59467,0.59832,0.60032,0.60326,0.61254,0.61846,0.62427,0.63766,0.64447,0.65349,0.6604,0.66471,0.67175,0.67453,0.67901,0.68028,0.68116,0.68342,0.68421,0.6842,0.68203,0.68139,0.68113,0.68101,0.68139,0.68183,0.68212,0.68119,0.68175,0.68183,0.68241,0.6825,0.68319,0.68402,0.68558,0.68775,0.69082,0.69236,0.69376,0.69486,0.69561,0.69622,0.69702,0.5681,0.53178,0.50587,0.48611,0.47121,0.43264,0.41354,0.3908,0.33581,0.30729,0.24678,0.21468,0.18988,0.59366, 0, 0, 0, 0, 0, 0, 0, 0, 0, 0, 0, 0, 0, 0, 0, 0, 0, 0, 0, 0, 0, 0, 0, 0, 0, 0, 0, 0, 0, 0, 0, 0, 0, 0, 0, 0, 0, 0, 0, 0, 0, 0, 0],
         [ 1, 1, 1, 1, 1, 1, 1, 1, 1, 1, 1, 1, 1, 1, 1, 1, 1, 1, 1, 1, 1, 1, 1, 1, 1, 1, 1, 1, 1, 1, 1, 1, 1, 1, 1, 1, 1, 1, 1, 1, 1, 1, 1, 1, 1, 1, 1, 1, 1, 1, 1, 1, 1, 1, 1, 1, 1, 0, 0, 0, 0, 0, 0, 0, 0, 0, 0, 0, 0, 0, 0, 0, 0, 0, 0, 0, 0, 0, 0, 0, 0, 0, 0, 0, 0, 0, 0, 0, 0, 0, 0, 0, 0, 0, 0, 0, 0, 0, 0, 0]],
        [[0.5254,0.52499,0.5246,0.5243,0.52359,0.52368,0.52415,0.52473,0.52495,0.52507,0.52471,0.52449,0.52453,0.52435,0.52409,0.524,0.52392,0.52356,0.5234,0.52335,0.52334,0.52332,0.52318,0.52304,0.52283,0.52263,0.5222,0.52171,0.52071,0.51989,0.51915,0.51853,0.51783,0.51735,0.51689,0.51627,0.51585,0.5162,0.51677,0.51698,0.51695,0.51688,0.51674,0.96733,0.98693, 1, 1, 1, 1, 1, 1, 1, 1, 1, 1, 1, 1, 0, 0, 0, 0, 0, 0, 0, 0, 0, 0, 0, 0, 0, 0, 0, 0, 0, 0, 0, 0, 0, 0, 0, 0, 0, 0, 0, 0, 0, 0, 0, 0, 0, 0, 0, 0, 0, 0, 0, 0, 0, 0, 0],
         [0.59467,0.59832,0.60032,0.60326,0.61254,0.61846,0.62427,0.63766,0.64447,0.65349,0.6604,0.66471,0.67175,0.67453,0.67901,0.68028,0.68116,0.68342,0.68421,0.6842,0.68203,0.68139,0.68113,0.68101,0.68139,0.68183,0.68212,0.68119,0.68175,0.68183,0.68241,0.6825,0.68319,0.68402,0.68558,0.68775,0.69082,0.69236,0.69376,0.69486,0.69561,0.69622,0.69702,0.5681,0.53178,0.50587,0.48611,0.47121,0.43264,0.41354,0.3908,0.33581,0.30729,0.24678,0.21468,0.18988,0.59366, 0, 0, 0, 0, 0, 0, 0, 0, 0, 0, 0, 0, 0, 0, 0, 0, 0, 0, 0, 0, 0, 0, 0, 0, 0, 0, 0, 0, 0, 0, 0, 0, 0, 0, 0, 0, 0, 0, 0, 0, 0, 0, 0],
         [ 1, 1, 1, 1, 1, 1, 1, 1, 1, 1, 1, 1, 1, 1, 1, 1, 1, 1, 1, 1, 1, 1, 1, 1, 1, 1, 1, 1, 1, 1, 1, 1, 1, 1, 1, 1, 1, 1, 1, 1, 1, 1, 1, 1, 1, 1, 1, 1, 1, 1, 1, 1, 1, 1, 1, 1, 1, 0, 0, 0, 0, 0, 0, 0, 0, 0, 0, 0, 0, 0, 0, 0, 0, 0, 0, 0, 0, 0, 0, 0, 0, 0, 0, 0, 0, 0, 0, 0, 0, 0, 0, 0, 0, 0, 0, 0, 0, 0, 0, 0],
         [0.52904,0.52861,0.52817,0.52802,0.52719,0.52728,0.52796,0.5288,0.52888,0.52885,0.52836,0.52808,0.52831,0.52808,0.52757,0.52748,0.5274,0.52694,0.52676,0.52674,0.52698,0.52703,0.52697,0.5269,0.52675,0.52658,0.52628,0.52618,0.52534,0.52459,0.52395,0.52349,0.52304,0.52285,0.52258,0.52201,0.52161,0.52167,0.52219,0.52241,0.52232,0.5222,0.52202,0.91598,0.94117,0.9614,0.99539, 1, 1, 1, 1, 1, 1, 1, 1, 1, 1, 0, 0, 0, 0, 0, 0, 0, 0, 0, 0, 0, 0, 0, 0, 0, 0, 0, 0, 0, 0, 0, 0, 0, 0, 0, 0, 0, 0, 0, 0, 0, 0, 0, 0, 0, 0, 0, 0, 0, 0, 0, 0, 0],
         [0.5831,0.59086,0.59425,0.59859,0.60971,0.61632,0.6229,0.63741,0.64549,0.65601,0.66386,0.66875,0.67627,0.67956,0.6848,0.68646,0.6876,0.69016,0.69109,0.69092,0.68747,0.68648,0.68601,0.68585,0.68627,0.68678,0.68728,0.68665,0.68755,0.68768,0.68836,0.68855,0.68941,0.69039,0.69211,0.69442,0.69738,0.69769,0.69841,0.69925,0.69981,0.70027,0.70103,0.54403,0.49304,0.46022,0.43766,0.41992,0.37701,0.3563,0.33198,0.27466,0.24561,0.18456,0.15335,0.12836,0.61289, 0, 0, 0, 0, 0, 0, 0, 0, 0, 0, 0, 0, 0, 0, 0, 0, 0, 0, 0, 0, 0, 0, 0, 0, 0, 0, 0, 0, 0, 0, 0, 0, 0, 0, 0, 0, 0, 0, 0, 0, 0, 0, 0],
         [ 1, 1, 1, 1, 1, 1, 1, 1, 1, 1, 1, 1, 1, 1, 1, 1, 1, 1, 1, 1, 1, 1, 1, 1, 1, 1, 1, 1, 1, 1, 1, 1, 1, 1, 1, 1, 1, 1, 1, 1, 1, 1, 1, 1, 1, 1, 1, 1, 1, 1, 1, 1, 1, 1, 1, 1, 1, 0, 0, 0, 0, 0, 0, 0, 0, 0, 0, 0, 0, 0, 0, 0, 0, 0, 0, 0, 0, 0, 0, 0, 0, 0, 0, 0, 0, 0, 0, 0, 0, 0, 0, 0, 0, 0, 0, 0, 0, 0, 0, 0]]],
       [[[0.44795,0.44589,0.44555,0.44411,0.44412,0.44441,0.44368,0.4421,0.44217,0.44218,0.44244,0.44257,0.44105,0.44055,0.44045,0.44,0.43969,0.43997,0.44003,0.44017,0.43916,0.43885,0.43858,0.43833,0.43812,0.43796,0.43721,0.43533,0.43501,0.43486,0.43404,0.43278,0.43078,0.4285,0.42694,0.42627,0.42591,0.42682,0.42622,0.42576,0.42556,0.42544,0.42537, 1, 1, 1, 1, 1, 1, 1, 1, 1, 1, 1, 1, 1,0.77379, 0, 0, 0, 0, 0, 0, 0, 0, 0, 0, 0, 0, 0, 0, 0, 0, 0, 0, 0, 0, 0, 0, 0, 0, 0, 0, 0, 0, 0, 0, 0, 0, 0, 0, 0, 0, 0, 0, 0, 0, 0, 0, 0],
         [0.37427,0.37363,0.37537,0.377,0.38623,0.39262,0.3983,0.41604,0.42053,0.42701,0.43265,0.43592,0.44443,0.44636,0.45089,0.45127,0.45152,0.45433,0.45527,0.45712,0.46509,0.46697,0.4681,0.46824,0.46846,0.46863,0.46839,0.46527,0.46351,0.46307,0.46285,0.46203,0.46129,0.46072,0.46088,0.46198,0.46595,0.47666,0.48326,0.48629,0.48865,0.49029,0.4914,0.35907,0.37588,0.37383,0.35596,0.35824,0.34708,0.34081,0.33987,0.31462,0.30249,0.25947,0.29018,0.30072,0.23004, 0, 0, 0, 0, 0, 0, 0, 0, 0, 0, 0, 0, 0, 0, 0, 0, 0, 0, 0, 0, 0, 0, 0, 0, 0, 0, 0, 0, 0, 0, 0, 0, 0, 0, 0, 0, 0, 0, 0, 0, 0, 0, 0],
         [ 1, 1, 1, 1, 1, 1, 1, 1, 1, 1, 1, 1, 1, 1, 1, 1, 1, 1, 1, 1, 1, 1, 1, 1, 1, 1, 1, 1, 1, 1, 1, 1, 1, 1, 1, 1, 1, 1, 1, 1, 1, 1, 1, 1, 1, 1, 1, 1, 1, 1, 1, 1, 1, 1, 1, 1, 1, 0, 0, 0, 0, 0, 0, 0, 0, 0, 0, 0, 0, 0, 0, 0, 0, 0, 0, 0, 0, 0, 0, 0, 0, 0, 0, 0, 0, 0, 0, 0, 0, 0, 0, 0, 0, 0, 0, 0, 0, 0, 0, 0],
         [0.44118,0.43956,0.43905,0.43799,0.43751,0.43765,0.43741,0.43694,0.43737,0.43775,0.43788,0.4379,0.43727,0.43713,0.43745,0.43727,0.43715,0.43721,0.4372,0.43721,0.43661,0.43642,0.4362,0.43598,0.43578,0.43562,0.43502,0.43369,0.43288,0.4323,0.43155,0.4306,0.42925,0.42789,0.42695,0.42644,0.42618,0.4271,0.42733,0.42738,0.42743,0.42746,0.42748, 1, 1, 1, 1, 1, 1, 1, 1, 1, 1, 1, 1, 1,0.83727, 0, 0, 0, 0, 0, 0, 0, 0, 0, 0, 0, 0, 0, 0, 0, 0, 0, 0, 0, 0, 0, 0, 0, 0, 0, 0, 0, 0, 0, 0, 0, 0, 0, 0, 0, 0, 0, 0, 0, 0, 0, 0, 0],
         [0.53766,0.53647,0.53722,0.53826,0.54551,0.55065,0.55525,0.56846,0.57276,0.57862,0.58347,0.58627,0.59257,0.59417,0.59734,0.59764,0.59785,0.59949,0.59989,0.60035,0.60253,0.60296,0.60308,0.60268,0.60241,0.60219,0.60137,0.59852,0.59674,0.59581,0.59543,0.59471,0.59424,0.59411,0.59462,0.59566,0.59863,0.60499,0.60926,0.61122,0.61266,0.61359,0.61422,0.47528,0.48196,0.47866,0.46734,0.4635,0.44632,0.4372,0.4272,0.39622,0.3793,0.33101,0.32312,0.31511,0.45903, 0, 0, 0, 0, 0, 0, 0, 0, 0, 0, 0, 0, 0, 0, 0, 0, 0, 0, 0, 0, 0, 0, 0, 0, 0, 0, 0, 0, 0, 0, 0, 0, 0, 0, 0, 0, 0, 0, 0, 0, 0, 0, 0],
         [ 1, 1, 1, 1, 1, 1, 1, 1, 1, 1, 1, 1, 1, 1, 1, 1, 1, 1, 1, 1, 1, 1, 1, 1, 1, 1, 1, 1, 1, 1, 1, 1, 1, 1, 1, 1, 1, 1, 1, 1, 1, 1, 1, 1, 1, 1, 1, 1, 1, 1, 1, 1, 1, 1, 1, 1, 1, 0, 0, 0, 0, 0, 0, 0, 0, 0, 0, 0, 0, 0, 0, 0, 0, 0, 0, 0, 0, 0, 0, 0, 0, 0, 0, 0, 0, 0, 0, 0, 0, 0, 0, 0, 0, 0, 0, 0, 0, 0, 0, 0]],
        [[0.44118,0.43956,0.43905,0.43799,0.43751,0.43765,0.43741,0.43694,0.43737,0.43775,0.43788,0.4379,0.43727,0.43713,0.43745,0.43727,0.43715,0.43721,0.4372,0.43721,0.43661,0.43642,0.4362,0.43598,0.43578,0.43562,0.43502,0.43369,0.43288,0.4323,0.43155,0.4306,0.42925,0.42789,0.42695,0.42644,0.42618,0.4271,0.42733,0.42738,0.42743,0.42746,0.42748, 1, 1, 1, 1, 1, 1, 1, 1, 1, 1, 1, 1, 1,0.83727, 0, 0, 0, 0, 0, 0, 0, 0, 0, 0, 0, 0, 0, 0, 0, 0, 0, 0, 0, 0, 0, 0, 0, 0, 0, 0, 0, 0, 0, 0, 0, 0, 0, 0, 0, 0, 0, 0, 0, 0, 0, 0, 0],
         [0.53766,0.53647,0.53722,0.53826,0.54551,0.55065,0.55525,0.56846,0.57276,0.57862,0.58347,0.58627,0.59257,0.59417,0.59734,0.59764,0.59785,0.59949,0.59989,0.60035,0.60253,0.60296,0.60308,0.60268,0.60241,0.60219,0.60137,0.59852,0.59674,0.59581,0.59543,0.59471,0.59424,0.59411,0.59462,0.59566,0.59863,0.60499,0.60926,0.61122,0.61266,0.61359,0.61422,0.47528,0.48196,0.47866,0.46734,0.4635,0.44632,0.4372,0.4272,0.39622,0.3793,0.33101,0.32312,0.31511,0.45903, 0, 0, 0, 0, 0, 0, 0, 0, 0, 0, 0, 0, 0, 0, 0, 0, 0, 0, 0, 0, 0, 0, 0, 0, 0, 0, 0, 0, 0, 0, 0, 0, 0, 0, 0, 0, 0, 0, 0, 0, 0, 0, 0],
         [ 1, 1, 1, 1, 1, 1, 1, 1, 1, 1, 1, 1, 1, 1, 1, 1, 1, 1, 1, 1, 1, 1, 1, 1, 1, 1, 1, 1, 1, 1, 1, 1, 1, 1, 1, 1, 1, 1, 1, 1, 1, 1, 1, 1, 1, 1, 1, 1, 1, 1, 1, 1, 1, 1, 1, 1, 1, 0, 0, 0, 0, 0, 0, 0, 0, 0, 0, 0, 0, 0, 0, 0, 0, 0, 0, 0, 0, 0, 0, 0, 0, 0, 0, 0, 0, 0, 0, 0, 0, 0, 0, 0, 0, 0, 0, 0, 0, 0, 0, 0],
         [0.42049,0.41813,0.41711,0.41606,0.41437,0.41426,0.4143,0.41405,0.41425,0.41439,0.41444,0.41424,0.41417,0.41411,0.41436,0.41418,0.4139,0.41356,0.41337,0.41333,0.41304,0.41263,0.41226,0.41199,0.4117,0.41149,0.41108,0.41032,0.40947,0.40865,0.40792,0.40705,0.406,0.40502,0.40441,0.40397,0.40358,0.40405,0.40442,0.40464,0.40476,0.40485,0.40492, 1, 1, 1, 1, 1, 1, 1, 1, 1, 1, 1, 1, 1,0.98711, 0, 0, 0, 0, 0, 0, 0, 0, 0, 0, 0, 0, 0, 0, 0, 0, 0, 0, 0, 0, 0, 0, 0, 0, 0, 0, 0, 0, 0, 0, 0, 0, 0, 0, 0, 0, 0, 0, 0, 0, 0, 0, 0],
         [0.59481,0.59477,0.59585,0.59744,0.60538,0.61035,0.61503,0.62748,0.63317,0.64106,0.64592,0.64929,0.65564,0.65788,0.66154,0.66276,0.66409,0.66665,0.66759,0.66765,0.66684,0.66753,0.66805,0.66818,0.66856,0.66896,0.66821,0.66603,0.66449,0.66387,0.66403,0.66422,0.66481,0.66596,0.66719,0.66853,0.67134,0.67555,0.67929,0.68119,0.68251,0.68333,0.684,0.54379,0.5393,0.53447,0.52758,0.51884,0.49694,0.48565,0.46896,0.43355,0.41312,0.36107,0.3258,0.30511,0.47058, 0, 0, 0, 0, 0, 0, 0, 0, 0, 0, 0, 0, 0, 0, 0, 0, 0, 0, 0, 0, 0, 0, 0, 0, 0, 0, 0, 0, 0, 0, 0, 0, 0, 0, 0, 0, 0, 0, 0, 0, 0, 0, 0],
         [ 1, 1, 1, 1, 1, 1, 1, 1, 1, 1, 1, 1, 1, 1, 1, 1, 1, 1, 1, 1, 1, 1, 1, 1, 1, 1, 1, 1, 1, 1, 1, 1, 1, 1, 1, 1, 1, 1, 1, 1, 1, 1, 1, 1, 1, 1, 1, 1, 1, 1, 1, 1, 1, 1, 1, 1, 1, 0, 0, 0, 0, 0, 0, 0, 0, 0, 0, 0, 0, 0, 0, 0, 0, 0, 0, 0, 0, 0, 0, 0, 0, 0, 0, 0, 0, 0, 0, 0, 0, 0, 0, 0, 0, 0, 0, 0, 0, 0, 0, 0]],
        [[0.42049,0.41813,0.41711,0.41606,0.41437,0.41426,0.4143,0.41405,0.41425,0.41439,0.41444,0.41424,0.41417,0.41411,0.41436,0.41418,0.4139,0.41356,0.41337,0.41333,0.41304,0.41263,0.41226,0.41199,0.4117,0.41149,0.41108,0.41032,0.40947,0.40865,0.40792,0.40705,0.406,0.40502,0.40441,0.40397,0.40358,0.40405,0.40442,0.40464,0.40476,0.40485,0.40492, 1, 1, 1, 1, 1, 1, 1, 1, 1, 1, 1, 1, 1,0.98711, 0, 0, 0, 0, 0, 0, 0, 0, 0, 0, 0, 0, 0, 0, 0, 0, 0, 0, 0, 0, 0, 0, 0, 0, 0, 0, 0, 0, 0, 0, 0, 0, 0, 0, 0, 0, 0, 0, 0, 0, 0, 0, 0],
         [0.59481,0.59477,0.59585,0.59744,0.60538,0.61035,0.61503,0.62748,0.63317,0.64106,0.64592,0.64929,0.65564,0.65788,0.66154,0.66276,0.66409,0.66665,0.66759,0.66765,0.66684,0.66753,0.66805,0.66818,0.66856,0.66896,0.66821,0.66603,0.66449,0.66387,0.66403,0.66422,0.66481,0.66596,0.66719,0.66853,0.67134,0.67555,0.67929,0.68119,0.68251,0.68333,0.684,0.54379,0.5393,0.53447,0.52758,0.51884,0.49694,0.48565,0.46896,0.43355,0.41312,0.36107,0.3258,0.30511,0.47058, 0, 0, 0, 0, 0, 0, 0, 0, 0, 0, 0, 0, 0, 0, 0, 0, 0, 0, 0, 0, 0, 0, 0, 0, 0, 0, 0, 0, 0, 0, 0, 0, 0, 0, 0, 0, 0, 0, 0, 0, 0, 0, 0],
         [ 1, 1, 1, 1, 1, 1, 1, 1, 1, 1, 1, 1, 1, 1, 1, 1, 1, 1, 1, 1, 1, 1, 1, 1, 1, 1, 1, 1, 1, 1, 1, 1, 1, 1, 1, 1, 1, 1, 1, 1, 1, 1, 1, 1, 1, 1, 1, 1, 1, 1, 1, 1, 1, 1, 1, 1, 1, 0, 0, 0, 0, 0, 0, 0, 0, 0, 0, 0, 0, 0, 0, 0, 0, 0, 0, 0, 0, 0, 0, 0, 0, 0, 0, 0, 0, 0, 0, 0, 0, 0, 0, 0, 0, 0, 0, 0, 0, 0, 0, 0],
         [0.41679,0.41331,0.4117,0.41045,0.40758,0.40719,0.4073,0.40683,0.40665,0.40633,0.40628,0.40589,0.40613,0.40609,0.40619,0.40596,0.40552,0.40484,0.40447,0.40439,0.40433,0.40373,0.40322,0.40291,0.40255,0.4023,0.40208,0.40181,0.40111,0.40027,0.39963,0.39888,0.39811,0.39739,0.39705,0.39671,0.3963,0.39635,0.39666,0.39694,0.39706,0.39717,0.39727,0.99195, 1, 1, 1, 1, 1, 1, 1, 1, 1, 1, 1, 1, 1, 0, 0, 0, 0, 0, 0, 0, 0, 0, 0, 0, 0, 0, 0, 0, 0, 0, 0, 0, 0, 0, 0, 0, 0, 0, 0, 0, 0, 0, 0, 0, 0, 0, 0, 0, 0, 0, 0, 0, 0, 0, 0, 0],
         [0.60538,0.60796,0.61011,0.61271,0.62247,0.6278,0.63296,0.64605,0.65311,0.66293,0.66794,0.67186,0.67832,0.68094,0.68486,0.6867,0.68885,0.69229,0.69378,0.69369,0.69115,0.69219,0.69316,0.69375,0.69468,0.69552,0.69483,0.69306,0.69168,0.69125,0.69168,0.6924,0.6936,0.69553,0.69715,0.69865,0.70132,0.70412,0.7075,0.70931,0.71053,0.71122,0.71185,0.52645,0.51215,0.50563,0.50051,0.48923,0.46415,0.45137,0.43109,0.39364,0.37143,0.31661,0.26869,0.24079,0.39015, 0, 0, 0, 0, 0, 0, 0, 0, 0, 0, 0, 0, 0, 0, 0, 0, 0, 0, 0, 0, 0, 0, 0, 0, 0, 0, 0, 0, 0, 0, 0, 0, 0, 0, 0, 0, 0, 0, 0, 0, 0, 0, 0],
         [ 1, 1, 1, 1, 1, 1, 1, 1, 1, 1, 1, 1, 1, 1, 1, 1, 1, 1, 1, 1, 1, 1, 1, 1, 1, 1, 1, 1, 1, 1, 1, 1, 1, 1, 1, 1, 1, 1, 1, 1, 1, 1, 1, 1, 1, 1, 1, 1, 1, 1, 1, 1, 1, 1, 1, 1, 1, 0, 0, 0, 0, 0, 0, 0, 0, 0, 0, 0, 0, 0, 0, 0, 0, 0, 0, 0, 0, 0, 0, 0, 0, 0, 0, 0, 0, 0, 0, 0, 0, 0, 0, 0, 0, 0, 0, 0, 0, 0, 0, 0]],
        [[0.41679,0.41331,0.4117,0.41045,0.40758,0.40719,0.4073,0.40683,0.40665,0.40633,0.40628,0.40589,0.40613,0.40609,0.40619,0.40596,0.40552,0.40484,0.40447,0.40439,0.40433,0.40373,0.40322,0.40291,0.40255,0.4023,0.40208,0.40181,0.40111,0.40027,0.39963,0.39888,0.39811,0.39739,0.39705,0.39671,0.3963,0.39635,0.39666,0.39694,0.39706,0.39717,0.39727,0.99195, 1, 1, 1, 1, 1, 1, 1, 1, 1, 1, 1, 1, 1, 0, 0, 0, 0, 0, 0, 0, 0, 0, 0, 0, 0, 0, 0, 0, 0, 0, 0, 0, 0, 0, 0, 0, 0, 0, 0, 0, 0, 0, 0, 0, 0, 0, 0, 0, 0, 0, 0, 0, 0, 0, 0, 0],
         [0.60538,0.60796,0.61011,0.61271,0.62247,0.6278,0.63296,0.64605,0.65311,0.66293,0.66794,0.67186,0.67832,0.68094,0.68486,0.6867,0.68885,0.69229,0.69378,0.69369,0.69115,0.69219,0.69316,0.69375,0.69468,0.69552,0.69483,0.69306,0.69168,0.69125,0.69168,0.6924,0.6936,0.69553,0.69715,0.69865,0.70132,0.70412,0.7075,0.70931,0.71053,0.71122,0.71185,0.52645,0.51215,0.50563,0.50051,0.48923,0.46415,0.45137,0.43109,0.39364,0.37143,0.31661,0.26869,0.24079,0.39015, 0, 0, 0, 0, 0, 0, 0, 0, 0, 0, 0, 0, 0, 0, 0, 0, 0, 0, 0, 0, 0, 0, 0, 0, 0, 0, 0, 0, 0, 0, 0, 0, 0, 0, 0, 0, 0, 0, 0, 0, 0, 0, 0],
         [ 1, 1, 1, 1, 1, 1, 1, 1, 1, 1, 1, 1, 1, 1, 1, 1, 1, 1, 1, 1, 1, 1, 1, 1, 1, 1, 1, 1, 1, 1, 1, 1, 1, 1, 1, 1, 1, 1, 1, 1, 1, 1, 1, 1, 1, 1, 1, 1, 1, 1, 1, 1, 1, 1, 1, 1, 1, 0, 0, 0, 0, 0, 0, 0, 0, 0, 0, 0, 0, 0, 0, 0, 0, 0, 0, 0, 0, 0, 0, 0, 0, 0, 0, 0, 0, 0, 0, 0, 0, 0, 0, 0, 0, 0, 0, 0, 0, 0, 0, 0],
         [0.41853,0.41398,0.41184,0.41037,0.4065,0.40588,0.40601,0.40522,0.40467,0.4039,0.40377,0.40322,0.40368,0.40363,0.40361,0.40333,0.40276,0.4018,0.40126,0.40117,0.40128,0.40053,0.39992,0.39957,0.39915,0.39889,0.39884,0.39897,0.39847,0.39768,0.39715,0.39652,0.39599,0.39547,0.39534,0.39509,0.3947,0.39443,0.39461,0.39492,0.39501,0.39514,0.39526,0.93815,0.96053,0.97859, 1, 1, 1, 1, 1, 1, 1, 1, 1, 1, 1, 0, 0, 0, 0, 0, 0, 0, 0, 0, 0, 0, 0, 0, 0, 0, 0, 0, 0, 0, 0, 0, 0, 0, 0, 0, 0, 0, 0, 0, 0, 0, 0, 0, 0, 0, 0, 0, 0, 0, 0, 0, 0, 0],
         [0.601,0.60622,0.60948,0.61307,0.62469,0.63047,0.63615,0.65017,0.65837,0.66978,0.67495,0.67932,0.68587,0.68873,0.69277,0.69505,0.69778,0.70195,0.70392,0.70375,0.70009,0.70143,0.7028,0.70375,0.7051,0.70626,0.70561,0.70411,0.70284,0.70253,0.70309,0.70412,0.7057,0.70814,0.70998,0.71157,0.71412,0.7159,0.71901,0.72073,0.72184,0.72242,0.72299,0.48693,0.46672,0.45911,0.45447,0.4422,0.41548,0.40192,0.38015,0.34208,0.31919,0.2628,0.21078,0.17964,0.3238, 0, 0, 0, 0, 0, 0, 0, 0, 0, 0, 0, 0, 0, 0, 0, 0, 0, 0, 0, 0, 0, 0, 0, 0, 0, 0, 0, 0, 0, 0, 0, 0, 0, 0, 0, 0, 0, 0, 0, 0, 0, 0, 0],
         [ 1, 1, 1, 1, 1, 1, 1, 1, 1, 1, 1, 1, 1, 1, 1, 1, 1, 1, 1, 1, 1, 1, 1, 1, 1, 1, 1, 1, 1, 1, 1, 1, 1, 1, 1, 1, 1, 1, 1, 1, 1, 1, 1, 1, 1, 1, 1, 1, 1, 1, 1, 1, 1, 1, 1, 1, 1, 0, 0, 0, 0, 0, 0, 0, 0, 0, 0, 0, 0, 0, 0, 0, 0, 0, 0, 0, 0, 0, 0, 0, 0, 0, 0, 0, 0, 0, 0, 0, 0, 0, 0, 0, 0, 0, 0, 0, 0, 0, 0, 0]]],
       [[[0.40464,0.40258,0.40226,0.40085,0.40088,0.4012,0.40053,0.39903,0.39909,0.39911,0.39938,0.39952,0.39805,0.39754,0.3974,0.39695,0.39664,0.39693,0.397,0.39716,0.39623,0.39595,0.39571,0.39549,0.39532,0.39519,0.3945,0.39276,0.39257,0.39251,0.39175,0.39054,0.38862,0.3864,0.3849,0.38427,0.38395,0.38473,0.38403,0.38354,0.3833,0.38317,0.38308, 1, 1, 1, 1, 1, 1, 1, 1, 1, 1, 1, 1, 1,0.74928, 0, 0, 0, 0, 0, 0, 0, 0, 0, 0, 0, 0, 0, 0, 0, 0, 0, 0, 0, 0, 0, 0, 0, 0, 0, 0, 0, 0, 0, 0, 0, 0, 0, 0, 0, 0, 0, 0, 0, 0, 0, 0, 0],
         [0.36885,0.36821,0.36985,0.37138,0.3804,0.38662,0.39212,0.40952,0.41408,0.4206,0.42615,0.42935,0.4377,0.4397,0.44439,0.4448,0.44507,0.44777,0.44865,0.45034,0.45786,0.45962,0.46061,0.46062,0.46071,0.46077,0.46031,0.45685,0.45461,0.45385,0.45347,0.45253,0.45166,0.45104,0.45115,0.45214,0.45599,0.46686,0.47373,0.47687,0.47933,0.48101,0.48215,0.34959,0.36608,0.36446,0.34792,0.34878,0.33769,0.33159,0.32983,0.30337,0.29075,0.24888,0.27646,0.28909,0.22401, 0, 0, 0, 0, 0, 0, 0, 0, 0, 0, 0, 0, 0, 0, 0, 0, 0, 0, 0, 0, 0, 0, 0, 0, 0, 0, 0, 0, 0, 0, 0, 0, 0, 0, 0, 0, 0, 0, 0, 0, 0, 0, 0],
         [ 1, 1, 1, 1, 1, 1, 1, 1, 1, 1, 1, 1, 1, 1, 1, 1, 1, 1, 1, 1, 1, 1, 1, 1, 1, 1, 1, 1, 1, 1, 1, 1, 1, 1, 1, 1, 1, 1, 1, 1, 1, 1, 1, 1, 1, 1, 1, 1, 1, 1, 1, 1, 1, 1, 1, 1, 1, 0, 0, 0, 0, 0, 0, 0, 0, 0, 0, 0, 0, 0, 0, 0, 0, 0, 0, 0, 0, 0, 0, 0, 0, 0, 0, 0, 0, 0, 0, 0, 0, 0, 0, 0, 0, 0, 0, 0, 0, 0, 0, 0],
         [0.36499,0.36334,0.36286,0.36181,0.36142,0.36162,0.36141,0.36094,0.36131,0.36165,0.3618,0.36186,0.36121,0.36101,0.36121,0.361,0.36086,0.36096,0.36098,0.36104,0.36052,0.36035,0.36017,0.36,0.35985,0.35974,0.35922,0.35803,0.3575,0.35712,0.35644,0.35555,0.35425,0.35288,0.35195,0.3515,0.35128,0.35199,0.35196,0.3519,0.35186,0.35184,0.35183, 1, 1, 1, 1, 1, 1, 1, 1, 1, 1, 1, 1, 1,0.78442, 0, 0, 0, 0, 0, 0, 0, 0, 0, 0, 0, 0, 0, 0, 0, 0, 0, 0, 0, 0, 0, 0, 0, 0, 0, 0, 0, 0, 0, 0, 0, 0, 0, 0, 0, 0, 0, 0, 0, 0, 0, 0, 0],
         [0.50989,0.50876,0.50948,0.51041,0.51753,0.52255,0.52696,0.54016,0.54461,0.5506,0.55541,0.55814,0.56445,0.5662,0.56983,0.5702,0.57045,0.57204,0.57239,0.57275,0.57487,0.57526,0.57528,0.57471,0.57426,0.57391,0.57277,0.56928,0.56665,0.5652,0.56456,0.56362,0.56287,0.56261,0.56298,0.56384,0.56672,0.57392,0.57896,0.58126,0.58299,0.58409,0.58483,0.44638,0.45375,0.45138,0.44161,0.43602,0.41972,0.41125,0.40093,0.36849,0.35132,0.30571,0.29703,0.29501,0.42151, 0, 0, 0, 0, 0, 0, 0, 0, 0, 0, 0, 0, 0, 0, 0, 0, 0, 0, 0, 0, 0, 0, 0, 0, 0, 0, 0, 0, 0, 0, 0, 0, 0, 0, 0, 0, 0, 0, 0, 0, 0, 0, 0],
         [ 1, 1, 1, 1, 1, 1, 1, 1, 1, 1, 1, 1, 1, 1, 1, 1, 1, 1, 1, 1, 1, 1, 1, 1, 1, 1, 1, 1, 1, 1, 1, 1, 1, 1, 1, 1, 1, 1, 1, 1, 1, 1, 1, 1, 1, 1, 1, 1, 1, 1, 1, 1, 1, 1, 1, 1, 1, 0, 0, 0, 0, 0, 0, 0, 0, 0, 0, 0, 0, 0, 0, 0, 0, 0, 0, 0, 0, 0, 0, 0, 0, 0, 0, 0, 0, 0, 0, 0, 0, 0, 0, 0, 0, 0, 0, 0, 0, 0, 0, 0]],
        [[0.36499,0.36334,0.36286,0.36181,0.36142,0.36162,0.36141,0.36094,0.36131,0.36165,0.3618,0.36186,0.36121,0.36101,0.36121,0.361,0.36086,0.36096,0.36098,0.36104,0.36052,0.36035,0.36017,0.36,0.35985,0.35974,0.35922,0.35803,0.3575,0.35712,0.35644,0.35555,0.35425,0.35288,0.35195,0.3515,0.35128,0.35199,0.35196,0.3519,0.35186,0.35184,0.35183, 1, 1, 1, 1, 1, 1, 1, 1, 1, 1, 1, 1, 1,0.78442, 0, 0, 0, 0, 0, 0, 0, 0, 0, 0, 0, 0, 0, 0, 0, 0, 0, 0, 0, 0, 0, 0, 0, 0, 0, 0, 0, 0, 0, 0, 0, 0, 0, 0, 0, 0, 0, 0, 0, 0, 0, 0, 0],
         [0.50989,0.50876,0.50948,0.51041,0.51753,0.52255,0.52696,0.54016,0.54461,0.5506,0.55541,0.55814,0.56445,0.5662,0.56983,0.5702,0.57045,0.57204,0.57239,0.57275,0.57487,0.57526,0.57528,0.57471,0.57426,0.57391,0.57277,0.56928,0.56665,0.5652,0.56456,0.56362,0.56287,0.56261,0.56298,0.56384,0.56672,0.57392,0.57896,0.58126,0.58299,0.58409,0.58483,0.44638,0.45375,0.45138,0.44161,0.43602,0.41972,0.41125,0.40093,0.36849,0.35132,0.30571,0.29703,0.29501,0.42151, 0, 0, 0, 0, 0, 0, 0, 0, 0, 0, 0, 0, 0, 0, 0, 0, 0, 0, 0, 0, 0, 0, 0, 0, 0, 0, 0, 0, 0, 0, 0, 0, 0, 0, 0, 0, 0, 0, 0, 0, 0, 0, 0],
         [ 1, 1, 1, 1, 1, 1, 1, 1, 1, 1, 1, 1, 1, 1, 1, 1, 1, 1, 1, 1, 1, 1, 1, 1, 1, 1, 1, 1, 1, 1, 1, 1, 1, 1, 1, 1, 1, 1, 1, 1, 1, 1, 1, 1, 1, 1, 1, 1, 1, 1, 1, 1, 1, 1, 1, 1, 1, 0, 0, 0, 0, 0, 0, 0, 0, 0, 0, 0, 0, 0, 0, 0, 0, 0, 0, 0, 0, 0, 0, 0, 0, 0, 0, 0, 0, 0, 0, 0, 0, 0, 0, 0, 0, 0, 0, 0, 0, 0, 0, 0],
         [0.33107,0.32858,0.32792,0.32719,0.32611,0.32619,0.32627,0.32665,0.3272,0.32739,0.32731,0.32709,0.32658,0.3265,0.32673,0.32668,0.32661,0.32636,0.32614,0.32596,0.32555,0.32545,0.32534,0.32524,0.32514,0.32497,0.32462,0.32393,0.32338,0.32289,0.32233,0.3217,0.32087,0.32009,0.31949,0.31903,0.31877,0.31925,0.31951,0.3196,0.31957,0.31959,0.31959, 1, 1, 1, 1, 1, 1, 1, 1, 1, 1, 1, 1, 1,0.92432, 0, 0, 0, 0, 0, 0, 0, 0, 0, 0, 0, 0, 0, 0, 0, 0, 0, 0, 0, 0, 0, 0, 0, 0, 0, 0, 0, 0, 0, 0, 0, 0, 0, 0, 0, 0, 0, 0, 0, 0, 0, 0, 0],
         [0.56934,0.57003,0.57044,0.57136,0.58025,0.58619,0.59173,0.60449,0.60972,0.61758,0.62291,0.62643,0.63321,0.63529,0.63908,0.63977,0.64045,0.64246,0.64332,0.6437,0.64392,0.64416,0.64415,0.64398,0.64419,0.64472,0.64421,0.64177,0.64002,0.63938,0.6397,0.63952,0.63951,0.63998,0.64097,0.64235,0.64506,0.65039,0.65484,0.65706,0.65862,0.6595,0.66007,0.51538,0.51157,0.50684,0.49965,0.48741,0.46505,0.45431,0.43798,0.40153,0.38097,0.3308,0.29724,0.28298,0.42936, 0, 0, 0, 0, 0, 0, 0, 0, 0, 0, 0, 0, 0, 0, 0, 0, 0, 0, 0, 0, 0, 0, 0, 0, 0, 0, 0, 0, 0, 0, 0, 0, 0, 0, 0, 0, 0, 0, 0, 0, 0, 0, 0],
         [ 1, 1, 1, 1, 1, 1, 1, 1, 1, 1, 1, 1, 1, 1, 1, 1, 1, 1, 1, 1, 1, 1, 1, 1, 1, 1, 1, 1, 1, 1, 1, 1, 1, 1, 1, 1, 1, 1, 1, 1, 1, 1, 1, 1, 1, 1, 1, 1, 1, 1, 1, 1, 1, 1, 1, 1, 1, 0, 0, 0, 0, 0, 0, 0, 0, 0, 0, 0, 0, 0, 0, 0, 0, 0, 0, 0, 0, 0, 0, 0, 0, 0, 0, 0, 0, 0, 0, 0, 0, 0, 0, 0, 0, 0, 0, 0, 0, 0, 0, 0]],
        [[0.33107,0.32858,0.32792,0.32719,0.32611,0.32619,0.32627,0.32665,0.3272,0.32739,0.32731,0.32709,0.32658,0.3265,0.32673,0.32668,0.32661,0.32636,0.32614,0.32596,0.32555,0.32545,0.32534,0.32524,0.32514,0.32497,0.32462,0.32393,0.32338,0.32289,0.32233,0.3217,0.32087,0.32009,0.31949,0.31903,0.31877,0.31925,0.31951,0.3196,0.31957,0.31959,0.31959, 1, 1, 1, 1, 1, 1, 1, 1, 1, 1, 1, 1, 1,0.92432, 0, 0, 0, 0, 0, 0, 0, 0, 0, 0, 0, 0, 0, 0, 0, 0, 0, 0, 0, 0, 0, 0, 0, 0, 0, 0, 0, 0, 0, 0, 0, 0, 0, 0, 0, 0, 0, 0, 0, 0, 0, 0, 0],
         [0.56934,0.57003,0.57044,0.57136,0.58025,0.58619,0.59173,0.60449,0.60972,0.61758,0.62291,0.62643,0.63321,0.63529,0.63908,0.63977,0.64045,0.64246,0.64332,0.6437,0.64392,0.64416,0.64415,0.64398,0.64419,0.64472,0.64421,0.64177,0.64002,0.63938,0.6397,0.63952,0.63951,0.63998,0.64097,0.64235,0.64506,0.65039,0.65484,0.65706,0.65862,0.6595,0.66007,0.51538,0.51157,0.50684,0.49965,0.48741,0.46505,0.45431,0.43798,0.40153,0.38097,0.3308,0.29724,0.28298,0.42936, 0, 0, 0, 0, 0, 0, 0, 0, 0, 0, 0, 0, 0, 0, 0, 0, 0, 0, 0, 0, 0, 0, 0, 0, 0, 0, 0, 0, 0, 0, 0, 0, 0, 0, 0, 0, 0, 0, 0, 0, 0, 0, 0],
         [ 1, 1, 1, 1, 1, 1, 1, 1, 1, 1, 1, 1, 1, 1, 1, 1, 1, 1, 1, 1, 1, 1, 1, 1, 1, 1, 1, 1, 1, 1, 1, 1, 1, 1, 1, 1, 1, 1, 1, 1, 1, 1, 1, 1, 1, 1, 1, 1, 1, 1, 1, 1, 1, 1, 1, 1, 1, 0, 0, 0, 0, 0, 0, 0, 0, 0, 0, 0, 0, 0, 0, 0, 0, 0, 0, 0, 0, 0, 0, 0, 0, 0, 0, 0, 0, 0, 0, 0, 0, 0, 0, 0, 0, 0, 0, 0, 0, 0, 0, 0],
         [0.31923,0.31531,0.3143,0.31356,0.31106,0.31057,0.31051,0.31095,0.31144,0.31119,0.31082,0.31031,0.30968,0.3096,0.30978,0.30984,0.30984,0.30943,0.30905,0.30869,0.3083,0.30823,0.30821,0.30818,0.30814,0.30791,0.30767,0.30737,0.30692,0.30642,0.30597,0.30559,0.30517,0.30487,0.30457,0.30414,0.30387,0.30405,0.30433,0.30445,0.30437,0.30438,0.30438, 1, 1, 1, 1, 1, 1, 1, 1, 1, 1, 1, 1, 1,0.9906, 0, 0, 0, 0, 0, 0, 0, 0, 0, 0, 0, 0, 0, 0, 0, 0, 0, 0, 0, 0, 0, 0, 0, 0, 0, 0, 0, 0, 0, 0, 0, 0, 0, 0, 0, 0, 0, 0, 0, 0, 0, 0, 0],
         [0.58785,0.59147,0.59216,0.59357,0.60549,0.61298,0.61995,0.63337,0.63936,0.64901,0.65494,0.6592,0.66674,0.66908,0.67295,0.67381,0.67468,0.67684,0.67804,0.67853,0.6777,0.67788,0.6778,0.67788,0.6785,0.6797,0.67967,0.67796,0.67684,0.67674,0.67769,0.67792,0.67828,0.67911,0.68041,0.68212,0.68471,0.68884,0.69296,0.69514,0.69663,0.69738,0.69783,0.50698,0.49225,0.48428,0.47694,0.45975,0.43156,0.419,0.39942,0.36097,0.33847,0.28429,0.23954,0.2181,0.35161, 0, 0, 0, 0, 0, 0, 0, 0, 0, 0, 0, 0, 0, 0, 0, 0, 0, 0, 0, 0, 0, 0, 0, 0, 0, 0, 0, 0, 0, 0, 0, 0, 0, 0, 0, 0, 0, 0, 0, 0, 0, 0, 0],
         [ 1, 1, 1, 1, 1, 1, 1, 1, 1, 1, 1, 1, 1, 1, 1, 1, 1, 1, 1, 1, 1, 1, 1, 1, 1, 1, 1, 1, 1, 1, 1, 1, 1, 1, 1, 1, 1, 1, 1, 1, 1, 1, 1, 1, 1, 1, 1, 1, 1, 1, 1, 1, 1, 1, 1, 1, 1, 0, 0, 0, 0, 0, 0, 0, 0, 0, 0, 0, 0, 0, 0, 0, 0, 0, 0, 0, 0, 0, 0, 0, 0, 0, 0, 0, 0, 0, 0, 0, 0, 0, 0, 0, 0, 0, 0, 0, 0, 0, 0, 0]],
        [[0.31923,0.31531,0.3143,0.31356,0.31106,0.31057,0.31051,0.31095,0.31144,0.31119,0.31082,0.31031,0.30968,0.3096,0.30978,0.30984,0.30984,0.30943,0.30905,0.30869,0.3083,0.30823,0.30821,0.30818,0.30814,0.30791,0.30767,0.30737,0.30692,0.30642,0.30597,0.30559,0.30517,0.30487,0.30457,0.30414,0.30387,0.30405,0.30433,0.30445,0.30437,0.30438,0.30438, 1, 1, 1, 1, 1, 1, 1, 1, 1, 1, 1, 1, 1,0.9906, 0, 0, 0, 0, 0, 0, 0, 0, 0, 0, 0, 0, 0, 0, 0, 0, 0, 0, 0, 0, 0, 0, 0, 0, 0, 0, 0, 0, 0, 0, 0, 0, 0, 0, 0, 0, 0, 0, 0, 0, 0, 0, 0],
         [0.58785,0.59147,0.59216,0.59357,0.60549,0.61298,0.61995,0.63337,0.63936,0.64901,0.65494,0.6592,0.66674,0.66908,0.67295,0.67381,0.67468,0.67684,0.67804,0.67853,0.6777,0.67788,0.6778,0.67788,0.6785,0.6797,0.67967,0.67796,0.67684,0.67674,0.67769,0.67792,0.67828,0.67911,0.68041,0.68212,0.68471,0.68884,0.69296,0.69514,0.69663,0.69738,0.69783,0.50698,0.49225,0.48428,0.47694,0.45975,0.43156,0.419,0.39942,0.36097,0.33847,0.28429,0.23954,0.2181,0.35161, 0, 0, 0, 0, 0, 0, 0, 0, 0, 0, 0, 0, 0, 0, 0, 0, 0, 0, 0, 0, 0, 0, 0, 0, 0, 0, 0, 0, 0, 0, 0, 0, 0, 0, 0, 0, 0, 0, 0, 0, 0, 0, 0],
         [ 1, 1, 1, 1, 1, 1, 1, 1, 1, 1, 1, 1, 1, 1, 1, 1, 1, 1, 1, 1, 1, 1, 1, 1, 1, 1, 1, 1, 1, 1, 1, 1, 1, 1, 1, 1, 1, 1, 1, 1, 1, 1, 1, 1, 1, 1, 1, 1, 1, 1, 1, 1, 1, 1, 1, 1, 1, 0, 0, 0, 0, 0, 0, 0, 0, 0, 0, 0, 0, 0, 0, 0, 0, 0, 0, 0, 0, 0, 0, 0, 0, 0, 0, 0, 0, 0, 0, 0, 0, 0, 0, 0, 0, 0, 0, 0, 0, 0, 0, 0],
         [0.31602,0.3107,0.30932,0.30848,0.30451,0.3034,0.30309,0.30331,0.30369,0.30295,0.30233,0.30156,0.30074,0.30065,0.30075,0.3009,0.30096,0.30048,0.3,0.2995,0.29911,0.29905,0.29912,0.29917,0.29919,0.2989,0.29874,0.29876,0.29844,0.29797,0.29763,0.29747,0.29741,0.29749,0.29744,0.29706,0.2968,0.2967,0.2969,0.297,0.29685,0.29685,0.29684, 1, 1, 1, 1, 1, 1, 1, 1, 1, 1, 1, 1, 1, 1, 0, 0, 0, 0, 0, 0, 0, 0, 0, 0, 0, 0, 0, 0, 0, 0, 0, 0, 0, 0, 0, 0, 0, 0, 0, 0, 0, 0, 0, 0, 0, 0, 0, 0, 0, 0, 0, 0, 0, 0, 0, 0, 0],
         [0.59089,0.59733,0.59847,0.60043,0.61537,0.62438,0.63268,0.64701,0.65364,0.66479,0.67127,0.67616,0.68442,0.68698,0.69089,0.69183,0.69279,0.69494,0.69639,0.69698,0.69551,0.69566,0.69551,0.69572,0.6966,0.69831,0.69866,0.69747,0.69678,0.69707,0.69844,0.69889,0.69944,0.70043,0.70189,0.70382,0.70632,0.70961,0.71353,0.71571,0.71715,0.7178,0.71817,0.47447,0.45256,0.4423,0.4342,0.41449,0.38285,0.36929,0.34846,0.30942,0.28617,0.22974,0.18205,0.1575,0.28848, 0, 0, 0, 0, 0, 0, 0, 0, 0, 0, 0, 0, 0, 0, 0, 0, 0, 0, 0, 0, 0, 0, 0, 0, 0, 0, 0, 0, 0, 0, 0, 0, 0, 0, 0, 0, 0, 0, 0, 0, 0, 0, 0],
         [ 1, 1, 1, 1, 1, 1, 1, 1, 1, 1, 1, 1, 1, 1, 1, 1, 1, 1, 1, 1, 1, 1, 1, 1, 1, 1, 1, 1, 1, 1, 1, 1, 1, 1, 1, 1, 1, 1, 1, 1, 1, 1, 1, 1, 1, 1, 1, 1, 1, 1, 1, 1, 1, 1, 1, 1, 1, 0, 0, 0, 0, 0, 0, 0, 0, 0, 0, 0, 0, 0, 0, 0, 0, 0, 0, 0, 0, 0, 0, 0, 0, 0, 0, 0, 0, 0, 0, 0, 0, 0, 0, 0, 0, 0, 0, 0, 0, 0, 0, 0]]],
       [[[0.36599,0.36396,0.36367,0.36238,0.36252,0.36293,0.36245,0.3612,0.36121,0.3612,0.36151,0.3617,0.36037,0.35981,0.35949,0.35903,0.35871,0.35905,0.35916,0.35942,0.35874,0.35853,0.35838,0.35828,0.35822,0.35818,0.35768,0.35633,0.35658,0.3568,0.35619,0.35513,0.35341,0.35131,0.34993,0.34942,0.34919,0.3496,0.34858,0.34797,0.3476,0.34741,0.34728, 1, 1, 1, 1, 1, 1, 1, 1, 1, 1, 1, 1, 1,0.74239, 0, 0, 0, 0, 0, 0, 0, 0, 0, 0, 0, 0, 0, 0, 0, 0, 0, 0, 0, 0, 0, 0, 0, 0, 0, 0, 0, 0, 0, 0, 0, 0, 0, 0, 0, 0, 0, 0, 0, 0, 0, 0, 0],
         [0.33952,0.33884,0.34036,0.34175,0.35048,0.35651,0.36178,0.37869,0.38331,0.38982,0.39527,0.39838,0.4065,0.40854,0.41332,0.41375,0.41405,0.41659,0.41739,0.41889,0.42581,0.42742,0.42827,0.42814,0.42809,0.42805,0.42739,0.42365,0.421,0.41994,0.41943,0.4184,0.41741,0.41678,0.41686,0.41776,0.42147,0.43235,0.43937,0.44258,0.4451,0.4468,0.44795,0.31432,0.33036,0.3291,0.31381,0.31336,0.30225,0.29627,0.29375,0.26623,0.2532,0.2123,0.23768,0.25248,0.19965, 0, 0, 0, 0, 0, 0, 0, 0, 0, 0, 0, 0, 0, 0, 0, 0, 0, 0, 0, 0, 0, 0, 0, 0, 0, 0, 0, 0, 0, 0, 0, 0, 0, 0, 0, 0, 0, 0, 0, 0, 0, 0, 0],
         [ 1, 1, 1, 1, 1, 1, 1, 1, 1, 1, 1, 1, 1, 1, 1, 1, 1, 1, 1, 1, 1, 1, 1, 1, 1, 1, 1, 1, 1, 1, 1, 1, 1, 1, 1, 1, 1, 1, 1, 1, 1, 1, 1, 1, 1, 1, 1, 1, 1, 1, 1, 1, 1, 1, 1, 1, 1, 0, 0, 0, 0, 0, 0, 0, 0, 0, 0, 0, 0, 0, 0, 0, 0, 0, 0, 0, 0, 0, 0, 0, 0, 0, 0, 0, 0, 0, 0, 0, 0, 0, 0, 0, 0, 0, 0, 0, 0, 0, 0, 0],
         [0.30007,0.29839,0.29797,0.29698,0.29673,0.29703,0.29693,0.29657,0.29686,0.29714,0.29734,0.29745,0.29684,0.29656,0.29656,0.29632,0.29615,0.29632,0.29638,0.29654,0.2962,0.29609,0.29598,0.29591,0.29587,0.29583,0.29548,0.29458,0.29451,0.29442,0.29389,0.2931,0.29192,0.29059,0.28971,0.28935,0.28921,0.28957,0.28917,0.28894,0.28876,0.28867,0.28861, 1, 1, 1, 1, 1, 1, 1, 1, 1, 1, 1, 1, 1,0.749, 0, 0, 0, 0, 0, 0, 0, 0, 0, 0, 0, 0, 0, 0, 0, 0, 0, 0, 0, 0, 0, 0, 0, 0, 0, 0, 0, 0, 0, 0, 0, 0, 0, 0, 0, 0, 0, 0, 0, 0, 0, 0, 0],
         [0.46866,0.46757,0.46823,0.46904,0.47601,0.4809,0.48511,0.4982,0.50277,0.50886,0.51362,0.51628,0.52254,0.52442,0.52841,0.52884,0.52912,0.53065,0.53095,0.53119,0.53317,0.53351,0.53343,0.5327,0.5321,0.53163,0.53022,0.52619,0.52285,0.52097,0.5201,0.51898,0.518,0.51764,0.51789,0.51861,0.5214,0.52925,0.53491,0.53748,0.53944,0.54067,0.54151,0.40295,0.41086,0.40927,0.40083,0.39375,0.37818,0.37027,0.35972,0.3261,0.30875,0.26543,0.25673,0.26014,0.37524, 0, 0, 0, 0, 0, 0, 0, 0, 0, 0, 0, 0, 0, 0, 0, 0, 0, 0, 0, 0, 0, 0, 0, 0, 0, 0, 0, 0, 0, 0, 0, 0, 0, 0, 0, 0, 0, 0, 0, 0, 0, 0, 0],
         [ 1, 1, 1, 1, 1, 1, 1, 1, 1, 1, 1, 1, 1, 1, 1, 1, 1, 1, 1, 1, 1, 1, 1, 1, 1, 1, 1, 1, 1, 1, 1, 1, 1, 1, 1, 1, 1, 1, 1, 1, 1, 1, 1, 1, 1, 1, 1, 1, 1, 1, 1, 1, 1, 1, 1, 1, 1, 0, 0, 0, 0, 0, 0, 0, 0, 0, 0, 0, 0, 0, 0, 0, 0, 0, 0, 0, 0, 0, 0, 0, 0, 0, 0, 0, 0, 0, 0, 0, 0, 0, 0, 0, 0, 0, 0, 0, 0, 0, 0, 0]],
        [[0.30007,0.29839,0.29797,0.29698,0.29673,0.29703,0.29693,0.29657,0.29686,0.29714,0.29734,0.29745,0.29684,0.29656,0.29656,0.29632,0.29615,0.29632,0.29638,0.29654,0.2962,0.29609,0.29598,0.29591,0.29587,0.29583,0.29548,0.29458,0.29451,0.29442,0.29389,0.2931,0.29192,0.29059,0.28971,0.28935,0.28921,0.28957,0.28917,0.28894,0.28876,0.28867,0.28861, 1, 1, 1, 1, 1, 1, 1, 1, 1, 1, 1, 1, 1,0.749, 0, 0, 0, 0, 0, 0, 0, 0, 0, 0, 0, 0, 0, 0, 0, 0, 0, 0, 0, 0, 0, 0, 0, 0, 0, 0, 0, 0, 0, 0, 0, 0, 0, 0, 0, 0, 0, 0, 0, 0, 0, 0, 0],
         [0.46866,0.46757,0.46823,0.46904,0.47601,0.4809,0.48511,0.4982,0.50277,0.50886,0.51362,0.51628,0.52254,0.52442,0.52841,0.52884,0.52912,0.53065,0.53095,0.53119,0.53317,0.53351,0.53343,0.5327,0.5321,0.53163,0.53022,0.52619,0.52285,0.52097,0.5201,0.51898,0.518,0.51764,0.51789,0.51861,0.5214,0.52925,0.53491,0.53748,0.53944,0.54067,0.54151,0.40295,0.41086,0.40927,0.40083,0.39375,0.37818,0.37027,0.35972,0.3261,0.30875,0.26543,0.25673,0.26014,0.37524, 0, 0, 0, 0, 0, 0, 0, 0, 0, 0, 0, 0, 0, 0, 0, 0, 0, 0, 0, 0, 0, 0, 0, 0, 0, 0, 0, 0, 0, 0, 0, 0, 0, 0, 0, 0, 0, 0, 0, 0, 0, 0, 0],
         [ 1, 1, 1, 1, 1, 1, 1, 1, 1, 1, 1, 1, 1, 1, 1, 1, 1, 1, 1, 1, 1, 1, 1, 1, 1, 1, 1, 1, 1, 1, 1, 1, 1, 1, 1, 1, 1, 1, 1, 1, 1, 1, 1, 1, 1, 1, 1, 1, 1, 1, 1, 1, 1, 1, 1, 1, 1, 0, 0, 0, 0, 0, 0, 0, 0, 0, 0, 0, 0, 0, 0, 0, 0, 0, 0, 0, 0, 0, 0, 0, 0, 0, 0, 0, 0, 0, 0, 0, 0, 0, 0, 0, 0, 0, 0, 0, 0, 0, 0, 0],
         [0.24898,0.24641,0.24547,0.24454,0.24398,0.24434,0.24475,0.24522,0.24536,0.24528,0.24486,0.24474,0.24394,0.24301,0.24188,0.2414,0.24115,0.24091,0.2408,0.24089,0.24073,0.24071,0.24072,0.24078,0.24083,0.24089,0.24083,0.24065,0.24076,0.24072,0.24034,0.23979,0.23905,0.23819,0.23753,0.23727,0.2372,0.23708,0.23656,0.23625,0.23582,0.23557,0.23538, 1, 1, 1, 1, 1, 1, 1, 1, 1, 1, 1, 1, 1,0.86043, 0, 0, 0, 0, 0, 0, 0, 0, 0, 0, 0, 0, 0, 0, 0, 0, 0, 0, 0, 0, 0, 0, 0, 0, 0, 0, 0, 0, 0, 0, 0, 0, 0, 0, 0, 0, 0, 0, 0, 0, 0, 0, 0],
         [0.49009,0.49099,0.49202,0.49329,0.5,0.50442,0.5081,0.51878,0.52366,0.53021,0.53529,0.53795,0.54401,0.54687,0.55243,0.55367,0.55448,0.55661,0.55717,0.55707,0.55694,0.55671,0.55621,0.55536,0.55473,0.55418,0.55246,0.5484,0.54489,0.5427,0.54189,0.54106,0.54046,0.54074,0.54176,0.54278,0.54528,0.55161,0.55702,0.55978,0.56205,0.56354,0.56473,0.45607,0.45752,0.45546,0.45065,0.43825,0.41861,0.40897,0.39267,0.35344,0.33248,0.28536,0.25333,0.24875,0.39343, 0, 0, 0, 0, 0, 0, 0, 0, 0, 0, 0, 0, 0, 0, 0, 0, 0, 0, 0, 0, 0, 0, 0, 0, 0, 0, 0, 0, 0, 0, 0, 0, 0, 0, 0, 0, 0, 0, 0, 0, 0, 0, 0],
         [ 1, 1, 1, 1, 1, 1, 1, 1, 1, 1, 1, 1, 1, 1, 1, 1, 1, 1, 1, 1, 1, 1, 1, 1, 1, 1, 1, 1, 1, 1, 1, 1, 1, 1, 1, 1, 1, 1, 1, 1, 1, 1, 1, 1, 1, 1, 1, 1, 1, 1, 1, 1, 1, 1, 1, 1, 1, 0, 0, 0, 0, 0, 0, 0, 0, 0, 0, 0, 0, 0, 0, 0, 0, 0, 0, 0, 0, 0, 0, 0, 0, 0, 0, 0, 0, 0, 0, 0, 0, 0, 0, 0, 0, 0, 0, 0, 0, 0, 0, 0]],
        [[0.24898,0.24641,0.24547,0.24454,0.24398,0.24434,0.24475,0.24522,0.24536,0.24528,0.24486,0.24474,0.24394,0.24301,0.24188,0.2414,0.24115,0.24091,0.2408,0.24089,0.24073,0.24071,0.24072,0.24078,0.24083,0.24089,0.24083,0.24065,0.24076,0.24072,0.24034,0.23979,0.23905,0.23819,0.23753,0.23727,0.2372,0.23708,0.23656,0.23625,0.23582,0.23557,0.23538, 1, 1, 1, 1, 1, 1, 1, 1, 1, 1, 1, 1, 1,0.86043, 0, 0, 0, 0, 0, 0, 0, 0, 0, 0, 0, 0, 0, 0, 0, 0, 0, 0, 0, 0, 0, 0, 0, 0, 0, 0, 0, 0, 0, 0, 0, 0, 0, 0, 0, 0, 0, 0, 0, 0, 0, 0, 0],
         [0.49009,0.49099,0.49202,0.49329,0.5,0.50442,0.5081,0.51878,0.52366,0.53021,0.53529,0.53795,0.54401,0.54687,0.55243,0.55367,0.55448,0.55661,0.55717,0.55707,0.55694,0.55671,0.55621,0.55536,0.55473,0.55418,0.55246,0.5484,0.54489,0.5427,0.54189,0.54106,0.54046,0.54074,0.54176,0.54278,0.54528,0.55161,0.55702,0.55978,0.56205,0.56354,0.56473,0.45607,0.45752,0.45546,0.45065,0.43825,0.41861,0.40897,0.39267,0.35344,0.33248,0.28536,0.25333,0.24875,0.39343, 0, 0, 0, 0, 0, 0, 0, 0, 0, 0, 0, 0, 0, 0, 0, 0, 0, 0, 0, 0, 0, 0, 0, 0, 0, 0, 0, 0, 0, 0, 0, 0, 0, 0, 0, 0, 0, 0, 0, 0, 0, 0, 0],
         [ 1, 1, 1, 1, 1, 1, 1, 1, 1, 1, 1, 1, 1, 1, 1, 1, 1, 1, 1, 1, 1, 1, 1, 1, 1, 1, 1, 1, 1, 1, 1, 1, 1, 1, 1, 1, 1, 1, 1, 1, 1, 1, 1, 1, 1, 1, 1, 1, 1, 1, 1, 1, 1, 1, 1, 1, 1, 0, 0, 0, 0, 0, 0, 0, 0, 0, 0, 0, 0, 0, 0, 0, 0, 0, 0, 0, 0, 0, 0, 0, 0, 0, 0, 0, 0, 0, 0, 0, 0, 0, 0, 0, 0, 0, 0, 0, 0, 0, 0, 0],
         [0.23419,0.2295,0.22761,0.2262,0.22488,0.22505,0.22565,0.22644,0.22638,0.22595,0.22508,0.22495,0.22421,0.22287,0.22092,0.22029,0.22001,0.21962,0.21947,0.21956,0.21966,0.2198,0.21996,0.22018,0.22037,0.22061,0.22089,0.22134,0.22176,0.22187,0.22167,0.22137,0.22102,0.22057,0.22019,0.22013,0.22024,0.21995,0.21966,0.21951,0.21917,0.21907,0.21918, 1, 1, 1, 1, 1, 1, 1, 1, 1, 1, 1, 1, 1,0.91664, 0, 0, 0, 0, 0, 0, 0, 0, 0, 0, 0, 0, 0, 0, 0, 0, 0, 0, 0, 0, 0, 0, 0, 0, 0, 0, 0, 0, 0, 0, 0, 0, 0, 0, 0, 0, 0, 0, 0, 0, 0, 0, 0],
         [0.48856,0.49195,0.49376,0.49578,0.50288,0.50726,0.5108,0.52027,0.52539,0.53226,0.5376,0.54014,0.54587,0.54924,0.55561,0.55727,0.55832,0.56062,0.56126,0.56093,0.55938,0.55871,0.55791,0.55692,0.55622,0.55552,0.55356,0.54944,0.54586,0.54353,0.54272,0.542,0.54155,0.54208,0.54341,0.5445,0.54672,0.55175,0.55642,0.55893,0.56099,0.56227,0.56319,0.46218,0.45695,0.45345,0.44946,0.43344,0.4097,0.39829,0.37823,0.33525,0.31197,0.2611,0.21719,0.20677,0.34942, 0, 0, 0, 0, 0, 0, 0, 0, 0, 0, 0, 0, 0, 0, 0, 0, 0, 0, 0, 0, 0, 0, 0, 0, 0, 0, 0, 0, 0, 0, 0, 0, 0, 0, 0, 0, 0, 0, 0, 0, 0, 0, 0],
         [ 1, 1, 1, 1, 1, 1, 1, 1, 1, 1, 1, 1, 1, 1, 1, 1, 1, 1, 1, 1, 1, 1, 1, 1, 1, 1, 1, 1, 1, 1, 1, 1, 1, 1, 1, 1, 1, 1, 1, 1, 1, 1, 1, 1, 1, 1, 1, 1, 1, 1, 1, 1, 1, 1, 1, 1, 1, 0, 0, 0, 0, 0, 0, 0, 0, 0, 0, 0, 0, 0, 0, 0, 0, 0, 0, 0, 0, 0, 0, 0, 0, 0, 0, 0, 0, 0, 0, 0, 0, 0, 0, 0, 0, 0, 0, 0, 0, 0, 0, 0]],
        [[0.23419,0.2295,0.22761,0.2262,0.22488,0.22505,0.22565,0.22644,0.22638,0.22595,0.22508,0.22495,0.22421,0.22287,0.22092,0.22029,0.22001,0.21962,0.21947,0.21956,0.21966,0.2198,0.21996,0.22018,0.22037,0.22061,0.22089,0.22134,0.22176,0.22187,0.22167,0.22137,0.22102,0.22057,0.22019,0.22013,0.22024,0.21995,0.21966,0.21951,0.21917,0.21907,0.21918, 1, 1, 1, 1, 1, 1, 1, 1, 1, 1, 1, 1, 1,0.91664, 0, 0, 0, 0, 0, 0, 0, 0, 0, 0, 0, 0, 0, 0, 0, 0, 0, 0, 0, 0, 0, 0, 0, 0, 0, 0, 0, 0, 0, 0, 0, 0, 0, 0, 0, 0, 0, 0, 0, 0, 0, 0, 0],
         [0.48856,0.49195,0.49376,0.49578,0.50288,0.50726,0.5108,0.52027,0.52539,0.53226,0.5376,0.54014,0.54587,0.54924,0.55561,0.55727,0.55832,0.56062,0.56126,0.56093,0.55938,0.55871,0.55791,0.55692,0.55622,0.55552,0.55356,0.54944,0.54586,0.54353,0.54272,0.542,0.54155,0.54208,0.54341,0.5445,0.54672,0.55175,0.55642,0.55893,0.56099,0.56227,0.56319,0.46218,0.45695,0.45345,0.44946,0.43344,0.4097,0.39829,0.37823,0.33525,0.31197,0.2611,0.21719,0.20677,0.34942, 0, 0, 0, 0, 0, 0, 0, 0, 0, 0, 0, 0, 0, 0, 0, 0, 0, 0, 0, 0, 0, 0, 0, 0, 0, 0, 0, 0, 0, 0, 0, 0, 0, 0, 0, 0, 0, 0, 0, 0, 0, 0, 0],
         [ 1, 1, 1, 1, 1, 1, 1, 1, 1, 1, 1, 1, 1, 1, 1, 1, 1, 1, 1, 1, 1, 1, 1, 1, 1, 1, 1, 1, 1, 1, 1, 1, 1, 1, 1, 1, 1, 1, 1, 1, 1, 1, 1, 1, 1, 1, 1, 1, 1, 1, 1, 1, 1, 1, 1, 1, 1, 0, 0, 0, 0, 0, 0, 0, 0, 0, 0, 0, 0, 0, 0, 0, 0, 0, 0, 0, 0, 0, 0, 0, 0, 0, 0, 0, 0, 0, 0, 0, 0, 0, 0, 0, 0, 0, 0, 0, 0, 0, 0, 0],
         [0.23022,0.22265,0.21952,0.21733,0.21494,0.21483,0.21551,0.21647,0.21616,0.21535,0.21403,0.214,0.21348,0.21177,0.20905,0.20828,0.20801,0.2076,0.20747,0.20758,0.20807,0.20842,0.20879,0.20922,0.20961,0.2101,0.21078,0.21196,0.2128,0.21312,0.21316,0.21316,0.21327,0.21329,0.21326,0.21351,0.21387,0.21358,0.21373,0.21392,0.21384,0.2141,0.21477, 1, 1, 1, 1, 1, 1, 1, 1, 1, 1, 1, 1, 1,0.94262, 0, 0, 0, 0, 0, 0, 0, 0, 0, 0, 0, 0, 0, 0, 0, 0, 0, 0, 0, 0, 0, 0, 0, 0, 0, 0, 0, 0, 0, 0, 0, 0, 0, 0, 0, 0, 0, 0, 0, 0, 0, 0, 0],
         [0.47888,0.48519,0.48801,0.49097,0.49874,0.50321,0.50672,0.51521,0.52058,0.52776,0.53336,0.53571,0.54098,0.54473,0.55172,0.55371,0.5549,0.55723,0.55787,0.5573,0.55433,0.55322,0.55209,0.55095,0.55013,0.54925,0.54701,0.54279,0.53918,0.53674,0.53591,0.53524,0.53487,0.53554,0.53704,0.53809,0.53999,0.54358,0.54721,0.54924,0.55087,0.55172,0.55209,0.44959,0.43717,0.43181,0.4276,0.40868,0.38098,0.36788,0.34503,0.29946,0.2746,0.22054,0.17047,0.15581,0.29923, 0, 0, 0, 0, 0, 0, 0, 0, 0, 0, 0, 0, 0, 0, 0, 0, 0, 0, 0, 0, 0, 0, 0, 0, 0, 0, 0, 0, 0, 0, 0, 0, 0, 0, 0, 0, 0, 0, 0, 0, 0, 0, 0],
         [ 1, 1, 1, 1, 1, 1, 1, 1, 1, 1, 1, 1, 1, 1, 1, 1, 1, 1, 1, 1, 1, 1, 1, 1, 1, 1, 1, 1, 1, 1, 1, 1, 1, 1, 1, 1, 1, 1, 1, 1, 1, 1, 1, 1, 1, 1, 1, 1, 1, 1, 1, 1, 1, 1, 1, 1, 1, 0, 0, 0, 0, 0, 0, 0, 0, 0, 0, 0, 0, 0, 0, 0, 0, 0, 0, 0, 0, 0, 0, 0, 0, 0, 0, 0, 0, 0, 0, 0, 0, 0, 0, 0, 0, 0, 0, 0, 0, 0, 0, 0]]]])